{
    "focal": 1.7361110664350143,
    "frames": [
        {
            "file_path": "images/0001.png",
            "transform_matrix": [
                [
                    -0.272744745016098,
                    0.910855233669281,
                    -0.30976298451423645,
                    -1.2390519380569458
                ],
                [
                    -0.9620864391326904,
                    -0.2582210898399353,
                    0.08781563490629196,
                    0.35126253962516785
                ],
                [
                    0.0,
                    0.32197004556655884,
                    0.9467498660087585,
                    3.786999464035034
                ],
                [
                    0.0,
                    0.0,
                    0.0,
                    1.0
                ]
            ]
        },
        {
            "file_path": "images/0002.png",
            "transform_matrix": [
                [
                    0.9971420764923096,
                    -0.07264991104602814,
                    -0.02072574570775032,
                    -0.08290298283100128
                ],
                [
                    -0.07554841786623001,
                    -0.9588854312896729,
                    -0.2735532224178314,
                    -1.0942128896713257
                ],
                [
                    1.8626448161640496e-09,
                    0.27433711290359497,
                    -0.961633563041687,
                    -3.846534252166748
                ],
                [
                    0.0,
                    0.0,
                    0.0,
                    1.0
                ]
            ]
        },
        {
            "file_path": "images/0006.png",
            "transform_matrix": [
                [
                    -0.8943120241165161,
                    0.2610657215118408,
                    -0.36338767409324646,
                    -1.4535506963729858
                ],
                [
                    -0.4474436938762665,
                    -0.5217956900596619,
                    0.7263080477714539,
                    2.9052321910858154
                ],
                [
                    1.4901160305669237e-08,
                    0.8121415972709656,
                    0.5834603905677795,
                    2.333841562271118
                ],
                [
                    0.0,
                    0.0,
                    0.0,
                    1.0
                ]
            ]
        },
        {
            "file_path": "images/0008.png",
            "transform_matrix": [
                [
                    -0.23034439980983734,
                    -0.6807553172111511,
                    -0.6953514814376831,
                    -2.7814059257507324
                ],
                [
                    -0.9731090664863586,
                    0.16114142537117004,
                    0.16459648311138153,
                    0.6583859324455261
                ],
                [
                    0.0,
                    0.7145668268203735,
                    -0.6995672583580017,
                    -2.798269033432007
                ],
                [
                    0.0,
                    0.0,
                    0.0,
                    1.0
                ]
            ]
        },
        {
            "file_path": "images/0009.png",
            "transform_matrix": [
                [
                    0.433736652135849,
                    -0.8125873804092407,
                    -0.3893255591392517,
                    -1.5573022365570068
                ],
                [
                    -0.901039719581604,
                    -0.3911580443382263,
                    -0.18741102516651154,
                    -0.7496441006660461
                ],
                [
                    1.4901160305669237e-08,
                    0.43208473920822144,
                    -0.9018329977989197,
                    -3.6073319911956787
                ],
                [
                    0.0,
                    0.0,
                    0.0,
                    1.0
                ]
            ]
        },
        {
            "file_path": "images/0010.png",
            "transform_matrix": [
                [
                    0.2947635352611542,
                    0.8889688849449158,
                    0.35049787163734436,
                    1.4019914865493774
                ],
                [
                    0.9555701613426208,
                    -0.2742191255092621,
                    -0.10811764746904373,
                    -0.4324705898761749
                ],
                [
                    -7.450580152834618e-09,
                    0.3667944371700287,
                    -0.9303020238876343,
                    -3.721208095550537
                ],
                [
                    0.0,
                    0.0,
                    0.0,
                    1.0
                ]
            ]
        },
        {
            "file_path": "images/0011.png",
            "transform_matrix": [
                [
                    0.15909819304943085,
                    0.5421723127365112,
                    0.8250678181648254,
                    3.3002712726593018
                ],
                [
                    0.9872627854347229,
                    -0.08737151324748993,
                    -0.13296034932136536,
                    -0.5318413972854614
                ],
                [
                    0.0,
                    0.8357124924659729,
                    -0.5491672158241272,
                    -2.196668863296509
                ],
                [
                    0.0,
                    0.0,
                    0.0,
                    1.0
                ]
            ]
        },
        {
            "file_path": "images/0012.png",
            "transform_matrix": [
                [
                    0.99839848279953,
                    0.022383183240890503,
                    0.051955386996269226,
                    0.2078215479850769
                ],
                [
                    0.056571800261735916,
                    -0.3950260579586029,
                    -0.9169264435768127,
                    -3.667705774307251
                ],
                [
                    0.0,
                    0.9183971881866455,
                    -0.3956596851348877,
                    -1.5826387405395508
                ],
                [
                    0.0,
                    0.0,
                    0.0,
                    1.0
                ]
            ]
        },
        {
            "file_path": "images/0013.png",
            "transform_matrix": [
                [
                    0.6219445466995239,
                    -0.22984939813613892,
                    -0.7485681176185608,
                    -2.994272470474243
                ],
                [
                    -0.7830613255500793,
                    -0.18255731463432312,
                    -0.5945484042167664,
                    -2.3781936168670654
                ],
                [
                    1.4901161193847656e-08,
                    0.955950915813446,
                    -0.29352667927742004,
                    -1.1741067171096802
                ],
                [
                    0.0,
                    0.0,
                    0.0,
                    1.0
                ]
            ]
        },
        {
            "file_path": "images/0015.png",
            "transform_matrix": [
                [
                    -0.7643792033195496,
                    -0.6399238705635071,
                    -0.07887843996286392,
                    -0.3155137598514557
                ],
                [
                    -0.6447668075561523,
                    0.7586377859115601,
                    0.09351138770580292,
                    0.37404555082321167
                ],
                [
                    -3.725290076417309e-09,
                    0.12233638763427734,
                    -0.99248868227005,
                    -3.9699547290802
                ],
                [
                    0.0,
                    0.0,
                    0.0,
                    1.0
                ]
            ]
        },
        {
            "file_path": "images/0016.png",
            "transform_matrix": [
                [
                    -0.13769014179706573,
                    -0.345392644405365,
                    0.9283024072647095,
                    3.713209629058838
                ],
                [
                    0.9904752969741821,
                    -0.04801448807120323,
                    0.129047229886055,
                    0.51618891954422
                ],
                [
                    3.725290076417309e-09,
                    0.9372291564941406,
                    0.34871402382850647,
                    1.3948560953140259
                ],
                [
                    0.0,
                    0.0,
                    0.0,
                    1.0
                ]
            ]
        },
        {
            "file_path": "images/0017.png",
            "transform_matrix": [
                [
                    0.9081822633743286,
                    -0.22109802067279816,
                    -0.3554161489009857,
                    -1.4216645956039429
                ],
                [
                    -0.41857489943504333,
                    -0.47971653938293457,
                    -0.7711466550827026,
                    -3.0845866203308105
                ],
                [
                    -1.4901160305669237e-08,
                    0.849109947681427,
                    -0.5282161235809326,
                    -2.1128644943237305
                ],
                [
                    0.0,
                    0.0,
                    0.0,
                    1.0
                ]
            ]
        },
        {
            "file_path": "images/0018.png",
            "transform_matrix": [
                [
                    -0.8969907760620117,
                    -0.09618975967168808,
                    0.43145689368247986,
                    1.7258275747299194
                ],
                [
                    0.44204920530319214,
                    -0.19518491625785828,
                    0.8754972219467163,
                    3.5019888877868652
                ],
                [
                    7.450580152834618e-09,
                    0.9760380983352661,
                    0.21759966015815735,
                    0.8703986406326294
                ],
                [
                    0.0,
                    0.0,
                    0.0,
                    1.0
                ]
            ]
        },
        {
            "file_path": "images/0019.png",
            "transform_matrix": [
                [
                    -0.5587546229362488,
                    -0.32335996627807617,
                    -0.763696014881134,
                    -3.054784059524536
                ],
                [
                    -0.8293330073356628,
                    0.21786047518253326,
                    0.5145323872566223,
                    2.0581295490264893
                ],
                [
                    1.4901160305669237e-08,
                    0.920855700969696,
                    -0.38990363478660583,
                    -1.5596145391464233
                ],
                [
                    0.0,
                    0.0,
                    0.0,
                    1.0
                ]
            ]
        },
        {
            "file_path": "images/0021.png",
            "transform_matrix": [
                [
                    0.25957122445106506,
                    -0.6138507127761841,
                    0.7455267310142517,
                    2.982106924057007
                ],
                [
                    0.9657239317893982,
                    0.1649933159351349,
                    -0.20038573443889618,
                    -0.8015429377555847
                ],
                [
                    0.0,
                    0.7719874382019043,
                    0.6356378197669983,
                    2.542551279067993
                ],
                [
                    0.0,
                    0.0,
                    0.0,
                    1.0
                ]
            ]
        },
        {
            "file_path": "images/0022.png",
            "transform_matrix": [
                [
                    -0.45474475622177124,
                    0.8445882201194763,
                    -0.28262677788734436,
                    -1.130506992340088
                ],
                [
                    -0.8906218409538269,
                    -0.4312403202056885,
                    0.14430707693099976,
                    0.5772282481193542
                ],
                [
                    -7.450580152834618e-09,
                    0.3173366189002991,
                    0.9483131170272827,
                    3.7932519912719727
                ],
                [
                    0.0,
                    0.0,
                    0.0,
                    1.0
                ]
            ]
        },
        {
            "file_path": "images/0023.png",
            "transform_matrix": [
                [
                    -0.9721390604972839,
                    -0.12535110116004944,
                    0.19807220995426178,
                    0.7922887206077576
                ],
                [
                    0.234404519200325,
                    -0.5198649168014526,
                    0.8214591145515442,
                    3.2858359813690186
                ],
                [
                    -7.4505792646561986e-09,
                    0.8450014591217041,
                    0.5347639918327332,
                    2.1390557289123535
                ],
                [
                    0.0,
                    0.0,
                    0.0,
                    1.0
                ]
            ]
        },
        {
            "file_path": "images/0026.png",
            "transform_matrix": [
                [
                    -0.8034309148788452,
                    0.1791086345911026,
                    0.5678192973136902,
                    2.2712771892547607
                ],
                [
                    0.5953978300094604,
                    0.2416895180940628,
                    0.7662163972854614,
                    3.0648655891418457
                ],
                [
                    0.0,
                    0.9536803364753723,
                    -0.3008217513561249,
                    -1.2032870054244995
                ],
                [
                    0.0,
                    0.0,
                    0.0,
                    1.0
                ]
            ]
        },
        {
            "file_path": "images/0028.png",
            "transform_matrix": [
                [
                    0.29775574803352356,
                    -0.5407078266143799,
                    -0.7867506742477417,
                    -3.147002696990967
                ],
                [
                    -0.9546420574188232,
                    -0.16864840686321259,
                    -0.245389923453331,
                    -0.981559693813324
                ],
                [
                    0.0,
                    0.8241315484046936,
                    -0.5663984417915344,
                    -2.2655937671661377
                ],
                [
                    0.0,
                    0.0,
                    0.0,
                    1.0
                ]
            ]
        },
        {
            "file_path": "images/0029.png",
            "transform_matrix": [
                [
                    0.24309636652469635,
                    -0.23648309707641602,
                    -0.9407337307929993,
                    -3.762934923171997
                ],
                [
                    -0.9700021147727966,
                    -0.05926603451371193,
                    -0.23576128482818604,
                    -0.9430451393127441
                ],
                [
                    0.0,
                    0.969826340675354,
                    -0.2437964677810669,
                    -0.9751858711242676
                ],
                [
                    0.0,
                    0.0,
                    0.0,
                    1.0
                ]
            ]
        },
        {
            "file_path": "images/0031.png",
            "transform_matrix": [
                [
                    -0.4674954116344452,
                    -0.2003280222415924,
                    0.8609976172447205,
                    3.4439899921417236
                ],
                [
                    0.8839954137802124,
                    -0.10594220459461212,
                    0.4553331434726715,
                    1.821332335472107
                ],
                [
                    -7.4505792646561986e-09,
                    0.9739840626716614,
                    0.22661659121513367,
                    0.9064662456512451
                ],
                [
                    0.0,
                    0.0,
                    0.0,
                    1.0
                ]
            ]
        },
        {
            "file_path": "images/0033.png",
            "transform_matrix": [
                [
                    -0.1808064728975296,
                    0.844197154045105,
                    0.504618763923645,
                    2.01847505569458
                ],
                [
                    0.983518660068512,
                    0.15519411861896515,
                    0.09276726841926575,
                    0.371069073677063
                ],
                [
                    0.0,
                    0.5130749344825745,
                    -0.8583438396453857,
                    -3.433375358581543
                ],
                [
                    0.0,
                    0.0,
                    0.0,
                    1.0
                ]
            ]
        },
        {
            "file_path": "images/0034.png",
            "transform_matrix": [
                [
                    -0.3012060821056366,
                    -0.003241037717089057,
                    0.9535535573959351,
                    3.8142142295837402
                ],
                [
                    0.9535590410232544,
                    -0.00102376495487988,
                    0.3012043535709381,
                    1.2048174142837524
                ],
                [
                    5.8207657444020455e-11,
                    0.9999942779541016,
                    0.0033988850191235542,
                    0.013595540076494217
                ],
                [
                    0.0,
                    0.0,
                    0.0,
                    1.0
                ]
            ]
        },
        {
            "file_path": "images/0035.png",
            "transform_matrix": [
                [
                    0.880210816860199,
                    -0.4719456136226654,
                    0.049961529672145844,
                    0.19984611868858337
                ],
                [
                    0.474582701921463,
                    0.87531977891922,
                    -0.09266388416290283,
                    -0.37065553665161133
                ],
                [
                    0.0,
                    0.10527481883764267,
                    0.9944431781768799,
                    3.9777727127075195
                ],
                [
                    0.0,
                    0.0,
                    0.0,
                    1.0
                ]
            ]
        },
        {
            "file_path": "images/0038.png",
            "transform_matrix": [
                [
                    -0.9683502912521362,
                    0.187636137008667,
                    0.16459158062934875,
                    0.658366322517395
                ],
                [
                    0.2495950609445572,
                    0.7279691100120544,
                    0.6385635137557983,
                    2.5542540550231934
                ],
                [
                    7.450580152834618e-09,
                    0.65943443775177,
                    -0.7517620921134949,
                    -3.0070483684539795
                ],
                [
                    0.0,
                    0.0,
                    0.0,
                    1.0
                ]
            ]
        },
        {
            "file_path": "images/0039.png",
            "transform_matrix": [
                [
                    0.2571594715118408,
                    -0.6955277323722839,
                    0.6709025502204895,
                    2.683610200881958
                ],
                [
                    0.9663689732551575,
                    0.185086190700531,
                    -0.17853322625160217,
                    -0.7141329050064087
                ],
                [
                    1.4901160305669237e-08,
                    0.6942508816719055,
                    0.7197330594062805,
                    2.878932237625122
                ],
                [
                    0.0,
                    0.0,
                    0.0,
                    1.0
                ]
            ]
        },
        {
            "file_path": "images/0040.png",
            "transform_matrix": [
                [
                    -0.6798580288887024,
                    0.08862372487783432,
                    -0.7279689908027649,
                    -2.9118759632110596
                ],
                [
                    -0.7333436608314514,
                    -0.08216004818677902,
                    0.6748753190040588,
                    2.6995012760162354
                ],
                [
                    -3.725290076417309e-09,
                    0.9926709532737732,
                    0.12084881961345673,
                    0.4833952784538269
                ],
                [
                    0.0,
                    0.0,
                    0.0,
                    1.0
                ]
            ]
        },
        {
            "file_path": "images/0041.png",
            "transform_matrix": [
                [
                    0.7682124972343445,
                    0.6323062777519226,
                    -0.10019128769636154,
                    -0.4007650911808014
                ],
                [
                    -0.6401948928833008,
                    0.7587464451789856,
                    -0.12022620439529419,
                    -0.480904757976532
                ],
                [
                    0.0,
                    0.15650154650211334,
                    0.9876778721809387,
                    3.9507110118865967
                ],
                [
                    0.0,
                    0.0,
                    0.0,
                    1.0
                ]
            ]
        },
        {
            "file_path": "images/0043.png",
            "transform_matrix": [
                [
                    0.5435712337493896,
                    0.8103440999984741,
                    0.2187982052564621,
                    0.8751928210258484
                ],
                [
                    0.8393630385398865,
                    -0.5247786045074463,
                    -0.14169365167617798,
                    -0.5667746067047119
                ],
                [
                    0.0,
                    0.26067155599594116,
                    -0.9654275178909302,
                    -3.8617100715637207
                ],
                [
                    0.0,
                    0.0,
                    0.0,
                    1.0
                ]
            ]
        },
        {
            "file_path": "images/0046.png",
            "transform_matrix": [
                [
                    -0.8021441698074341,
                    -0.5405969023704529,
                    -0.25361332297325134,
                    -1.0144532918930054
                ],
                [
                    -0.5971304178237915,
                    0.7262008786201477,
                    0.3406867980957031,
                    1.3627471923828125
                ],
                [
                    0.0,
                    0.4247201085090637,
                    -0.9053246974945068,
                    -3.6212987899780273
                ],
                [
                    0.0,
                    0.0,
                    0.0,
                    1.0
                ]
            ]
        },
        {
            "file_path": "images/0047.png",
            "transform_matrix": [
                [
                    0.29798832535743713,
                    0.6451320648193359,
                    -0.7035677433013916,
                    -2.8142709732055664
                ],
                [
                    -0.9545694589614868,
                    0.20139113068580627,
                    -0.21963302791118622,
                    -0.8785321116447449
                ],
                [
                    0.0,
                    0.7370524406433105,
                    0.6758356094360352,
                    2.7033424377441406
                ],
                [
                    0.0,
                    0.0,
                    0.0,
                    1.0
                ]
            ]
        },
        {
            "file_path": "images/0048.png",
            "transform_matrix": [
                [
                    -0.40798357129096985,
                    0.7806693315505981,
                    0.4733971655368805,
                    1.893588662147522
                ],
                [
                    0.9129891991615295,
                    0.3488543629646301,
                    0.2115449756383896,
                    0.8461799025535583
                ],
                [
                    1.4901160305669237e-08,
                    0.5185133218765259,
                    -0.8550695180892944,
                    -3.4202780723571777
                ],
                [
                    0.0,
                    0.0,
                    0.0,
                    1.0
                ]
            ]
        },
        {
            "file_path": "images/0053.png",
            "transform_matrix": [
                [
                    0.5163618326187134,
                    -0.5562581419944763,
                    0.65111243724823,
                    2.604449510574341
                ],
                [
                    0.8563703894615173,
                    0.33540451526641846,
                    -0.392598420381546,
                    -1.570393443107605
                ],
                [
                    1.4901158529312397e-08,
                    0.7603161931037903,
                    0.649553120136261,
                    2.598212242126465
                ],
                [
                    0.0,
                    0.0,
                    0.0,
                    1.0
                ]
            ]
        },
        {
            "file_path": "images/0056.png",
            "transform_matrix": [
                [
                    0.2642712891101837,
                    -0.8153272271156311,
                    -0.515172004699707,
                    -2.060688018798828
                ],
                [
                    -0.9644483923912048,
                    -0.22341015934944153,
                    -0.14116376638412476,
                    -0.564655065536499
                ],
                [
                    0.0,
                    0.5341623425483704,
                    -0.8453819155693054,
                    -3.3815276622772217
                ],
                [
                    0.0,
                    0.0,
                    0.0,
                    1.0
                ]
            ]
        },
        {
            "file_path": "images/0057.png",
            "transform_matrix": [
                [
                    0.48591718077659607,
                    0.2400190830230713,
                    -0.8404018878936768,
                    -3.361607551574707
                ],
                [
                    -0.8740049004554749,
                    0.1334424912929535,
                    -0.4672350287437439,
                    -1.8689401149749756
                ],
                [
                    0.0,
                    0.9615529179573059,
                    0.27461984753608704,
                    1.0984793901443481
                ],
                [
                    0.0,
                    0.0,
                    0.0,
                    1.0
                ]
            ]
        },
        {
            "file_path": "images/0060.png",
            "transform_matrix": [
                [
                    0.03462953120470047,
                    0.9366649985313416,
                    0.3485105037689209,
                    1.3940420150756836
                ],
                [
                    0.9994001984596252,
                    -0.03245573863387108,
                    -0.01207599975168705,
                    -0.0483039990067482
                ],
                [
                    0.0,
                    0.34871965646743774,
                    -0.9372270703315735,
                    -3.748908281326294
                ],
                [
                    0.0,
                    0.0,
                    0.0,
                    1.0
                ]
            ]
        },
        {
            "file_path": "images/0061.png",
            "transform_matrix": [
                [
                    0.437163382768631,
                    -0.41821399331092834,
                    0.7962318658828735,
                    3.184927463531494
                ],
                [
                    0.8993820548057556,
                    0.20328164100646973,
                    -0.3870251178741455,
                    -1.548100471496582
                ],
                [
                    0.0,
                    0.8853098750114441,
                    0.46500149369239807,
                    1.8600059747695923
                ],
                [
                    0.0,
                    0.0,
                    0.0,
                    1.0
                ]
            ]
        },
        {
            "file_path": "images/0062.png",
            "transform_matrix": [
                [
                    -0.33791470527648926,
                    -0.2573993504047394,
                    -0.905295193195343,
                    -3.621180295944214
                ],
                [
                    -0.9411766529083252,
                    0.09241519868373871,
                    0.3250320255756378,
                    1.3001279830932617
                ],
                [
                    0.0,
                    0.9618757963180542,
                    -0.27348676323890686,
                    -1.093946933746338
                ],
                [
                    0.0,
                    0.0,
                    0.0,
                    1.0
                ]
            ]
        },
        {
            "file_path": "images/0064.png",
            "transform_matrix": [
                [
                    -0.5104252099990845,
                    -0.20179633796215057,
                    -0.8359092473983765,
                    -3.343636989593506
                ],
                [
                    -0.8599221110343933,
                    0.11978055536746979,
                    0.4961719214916229,
                    1.9846876859664917
                ],
                [
                    -7.450580152834618e-09,
                    0.9720755815505981,
                    -0.23466815054416656,
                    -0.9386726021766663
                ],
                [
                    0.0,
                    0.0,
                    0.0,
                    1.0
                ]
            ]
        },
        {
            "file_path": "images/0066.png",
            "transform_matrix": [
                [
                    0.45283547043800354,
                    0.0894860178232193,
                    -0.8870920538902283,
                    -3.548368215560913
                ],
                [
                    -0.8915940523147583,
                    0.045449431985616684,
                    -0.45054891705513,
                    -1.80219566822052
                ],
                [
                    0.0,
                    0.994950532913208,
                    0.10036631673574448,
                    0.4014652669429779
                ],
                [
                    0.0,
                    0.0,
                    0.0,
                    1.0
                ]
            ]
        },
        {
            "file_path": "images/0067.png",
            "transform_matrix": [
                [
                    -0.9986302256584167,
                    -0.04874417185783386,
                    0.01901494897902012,
                    0.07605979591608047
                ],
                [
                    0.05232171714305878,
                    -0.9303479194641113,
                    0.36292582750320435,
                    1.4517033100128174
                ],
                [
                    0.0,
                    0.3634236454963684,
                    0.9316239953041077,
                    3.7264959812164307
                ],
                [
                    0.0,
                    0.0,
                    0.0,
                    1.0
                ]
            ]
        },
        {
            "file_path": "images/0068.png",
            "transform_matrix": [
                [
                    0.9158501029014587,
                    0.3308977484703064,
                    -0.22743189334869385,
                    -0.9097275733947754
                ],
                [
                    -0.401520311832428,
                    0.754763126373291,
                    -0.5187620520591736,
                    -2.0750482082366943
                ],
                [
                    1.4901160305669237e-08,
                    0.5664268136024475,
                    0.824112057685852,
                    3.296448230743408
                ],
                [
                    0.0,
                    0.0,
                    0.0,
                    1.0
                ]
            ]
        },
        {
            "file_path": "images/0069.png",
            "transform_matrix": [
                [
                    0.5370503664016724,
                    0.2306516319513321,
                    0.8114041090011597,
                    3.2456164360046387
                ],
                [
                    0.8435500860214233,
                    -0.1468455195426941,
                    -0.5165845155715942,
                    -2.066338062286377
                ],
                [
                    -7.450580152834618e-09,
                    0.9618920087814331,
                    -0.27342966198921204,
                    -1.0937186479568481
                ],
                [
                    0.0,
                    0.0,
                    0.0,
                    1.0
                ]
            ]
        },
        {
            "file_path": "images/0070.png",
            "transform_matrix": [
                [
                    0.8945352435112,
                    0.3257904052734375,
                    0.3060511648654938,
                    1.224204659461975
                ],
                [
                    0.44699743390083313,
                    -0.651974618434906,
                    -0.6124722957611084,
                    -2.4498891830444336
                ],
                [
                    0.0,
                    0.6846821308135986,
                    -0.7288417816162109,
                    -2.9153671264648438
                ],
                [
                    0.0,
                    0.0,
                    0.0,
                    1.0
                ]
            ]
        },
        {
            "file_path": "images/0071.png",
            "transform_matrix": [
                [
                    0.44516029953956604,
                    -0.7426219582557678,
                    -0.5003448128700256,
                    -2.0013792514801025
                ],
                [
                    -0.8954508304595947,
                    -0.36918365955352783,
                    -0.2487391084432602,
                    -0.9949564337730408
                ],
                [
                    0.0,
                    0.5587629675865173,
                    -0.829327404499054,
                    -3.317309617996216
                ],
                [
                    0.0,
                    0.0,
                    0.0,
                    1.0
                ]
            ]
        },
        {
            "file_path": "images/0072.png",
            "transform_matrix": [
                [
                    0.9825037717819214,
                    0.18622547388076782,
                    0.0025046607479453087,
                    0.010018642991781235
                ],
                [
                    0.18624228239059448,
                    -0.9824150800704956,
                    -0.013213103637099266,
                    -0.052852414548397064
                ],
                [
                    0.0,
                    0.013446991331875324,
                    -0.9999095797538757,
                    -3.999638319015503
                ],
                [
                    0.0,
                    0.0,
                    0.0,
                    1.0
                ]
            ]
        },
        {
            "file_path": "images/0073.png",
            "transform_matrix": [
                [
                    -0.7715997099876404,
                    -0.6331790685653687,
                    -0.06097644567489624,
                    -0.24390578269958496
                ],
                [
                    -0.6361083388328552,
                    0.768046498298645,
                    0.07396445423364639,
                    0.29585781693458557
                ],
                [
                    0.0,
                    0.09585881978273392,
                    -0.9953949451446533,
                    -3.9815797805786133
                ],
                [
                    0.0,
                    0.0,
                    0.0,
                    1.0
                ]
            ]
        },
        {
            "file_path": "images/0077.png",
            "transform_matrix": [
                [
                    0.9190518260002136,
                    -0.324552059173584,
                    0.2236282378435135,
                    0.8945128321647644
                ],
                [
                    0.3941364884376526,
                    0.7567940354347229,
                    -0.5214587450027466,
                    -2.0858347415924072
                ],
                [
                    -1.4901158529312397e-08,
                    0.5673876404762268,
                    0.8234509229660034,
