{
    "focal": 1.7361110664350143,
    "frames": [
        {
            "file_path": "images/0002.png",
            "transform_matrix": [
                [
                    0.9971420764923096,
                    -0.07264991104602814,
                    -0.02072574570775032,
                    -0.08290298283100128
                ],
                [
                    -0.07554841786623001,
                    -0.9588854312896729,
                    -0.2735532224178314,
                    -1.0942128896713257
                ],
                [
                    1.8626448161640496e-09,
                    0.27433711290359497,
                    -0.961633563041687,
                    -3.846534252166748
                ],
                [
                    0.0,
                    0.0,
                    0.0,
                    1.0
                ]
            ]
        },
        {
            "file_path": "images/0010.png",
            "transform_matrix": [
                [
                    0.2947635352611542,
                    0.8889688849449158,
                    0.35049787163734436,
                    1.4019914865493774
                ],
                [
                    0.9555701613426208,
                    -0.2742191255092621,
                    -0.10811764746904373,
                    -0.4324705898761749
                ],
                [
                    -7.450580152834618e-09,
                    0.3667944371700287,
                    -0.9303020238876343,
                    -3.721208095550537
                ],
                [
                    0.0,
                    0.0,
                    0.0,
                    1.0
                ]
            ]
        },
        {
            "file_path": "images/0011.png",
            "transform_matrix": [
                [
                    0.15909819304943085,
                    0.5421723127365112,
                    0.8250678181648254,
                    3.3002712726593018
                ],
                [
                    0.9872627854347229,
                    -0.08737151324748993,
                    -0.13296034932136536,
                    -0.5318413972854614
                ],
                [
                    0.0,
                    0.8357124924659729,
                    -0.5491672158241272,
                    -2.196668863296509
                ],
                [
                    0.0,
                    0.0,
                    0.0,
                    1.0
                ]
            ]
        },
        {
            "file_path": "images/0012.png",
            "transform_matrix": [
                [
                    0.99839848279953,
                    0.022383183240890503,
                    0.051955386996269226,
                    0.2078215479850769
                ],
                [
                    0.056571800261735916,
                    -0.3950260579586029,
                    -0.9169264435768127,
                    -3.667705774307251
                ],
                [
                    0.0,
                    0.9183971881866455,
                    -0.3956596851348877,
                    -1.5826387405395508
                ],
                [
                    0.0,
                    0.0,
                    0.0,
                    1.0
                ]
            ]
        },
        {
            "file_path": "images/0013.png",
            "transform_matrix": [
                [
                    0.6219445466995239,
                    -0.22984939813613892,
                    -0.7485681176185608,
                    -2.994272470474243
                ],
                [
                    -0.7830613255500793,
                    -0.18255731463432312,
                    -0.5945484042167664,
                    -2.3781936168670654
                ],
                [
                    1.4901161193847656e-08,
                    0.955950915813446,
                    -0.29352667927742004,
                    -1.1741067171096802
                ],
                [
                    0.0,
                    0.0,
                    0.0,
                    1.0
                ]
            ]
        },
        {
            "file_path": "images/0014.png",
            "transform_matrix": [
                [
                    0.21665818989276886,
                    -0.9736312031745911,
                    0.07142536342144012,
                    0.2857014536857605
                ],
                [
                    0.9762474894523621,
                    0.21607756614685059,
                    -0.015851400792598724,
                    -0.0634056031703949
                ],
                [
                    0.0,
                    0.07316242903470993,
                    0.9973199963569641,
                    3.9892799854278564
                ],
                [
                    0.0,
                    0.0,
                    0.0,
                    1.0
                ]
            ]
        },
        {
            "file_path": "images/0015.png",
            "transform_matrix": [
                [
                    -0.7643792033195496,
                    -0.6399238705635071,
                    -0.07887843996286392,
                    -0.3155137598514557
                ],
                [
                    -0.6447668075561523,
                    0.7586377859115601,
                    0.09351138770580292,
                    0.37404555082321167
                ],
                [
                    -3.725290076417309e-09,
                    0.12233638763427734,
                    -0.99248868227005,
                    -3.9699547290802
                ],
                [
                    0.0,
                    0.0,
                    0.0,
                    1.0
                ]
            ]
        },
        {
            "file_path": "images/0016.png",
            "transform_matrix": [
                [
                    -0.13769014179706573,
                    -0.345392644405365,
                    0.9283024072647095,
                    3.713209629058838
                ],
                [
                    0.9904752969741821,
                    -0.04801448807120323,
                    0.129047229886055,
                    0.51618891954422
                ],
                [
                    3.725290076417309e-09,
                    0.9372291564941406,
                    0.34871402382850647,
                    1.3948560953140259
                ],
                [
                    0.0,
                    0.0,
                    0.0,
                    1.0
                ]
            ]
        },
        {
            "file_path": "images/0017.png",
            "transform_matrix": [
                [
                    0.9081822633743286,
                    -0.22109802067279816,
                    -0.3554161489009857,
                    -1.4216645956039429
                ],
                [
                    -0.41857489943504333,
                    -0.47971653938293457,
                    -0.7711466550827026,
                    -3.0845866203308105
                ],
                [
                    -1.4901160305669237e-08,
                    0.849109947681427,
                    -0.5282161235809326,
                    -2.1128644943237305
                ],
                [
                    0.0,
                    0.0,
                    0.0,
                    1.0
                ]
            ]
        },
        {
            "file_path": "images/0020.png",
            "transform_matrix": [
                [
                    0.8605803847312927,
                    -0.18818449974060059,
                    -0.47327372431755066,
                    -1.8930946588516235
                ],
                [
                    -0.5093145370483398,
                    -0.31797221302986145,
                    -0.7996827363967896,
                    -3.19873046875
                ],
                [
                    0.0,
                    0.9292364120483398,
                    -0.3694857954978943,
                    -1.4779430627822876
                ],
                [
                    0.0,
                    0.0,
                    0.0,
                    1.0
                ]
            ]
        },
        {
            "file_path": "images/0024.png",
            "transform_matrix": [
                [
                    0.6983349323272705,
                    -0.64136803150177,
                    0.31776610016822815,
                    1.2710644006729126
                ],
                [
                    0.7157710194587708,
                    0.6257444024085999,
                    -0.3100253641605377,
                    -1.2401014566421509
                ],
                [
                    0.0,
                    0.443949431180954,
                    0.8960518836975098,
                    3.584207534790039
                ],
                [
                    0.0,
                    0.0,
                    0.0,
                    1.0
                ]
            ]
        },
        {
            "file_path": "images/0026.png",
            "transform_matrix": [
                [
                    -0.8034309148788452,
                    0.1791086345911026,
                    0.5678192973136902,
                    2.2712771892547607
                ],
                [
                    0.5953978300094604,
                    0.2416895180940628,
                    0.7662163972854614,
                    3.0648655891418457
                ],
                [
                    0.0,
                    0.9536803364753723,
                    -0.3008217513561249,
                    -1.2032870054244995
                ],
                [
                    0.0,
                    0.0,
                    0.0,
                    1.0
                ]
            ]
        },
        {
            "file_path": "images/0028.png",
            "transform_matrix": [
                [
                    0.29775574803352356,
                    -0.5407078266143799,
                    -0.7867506742477417,
                    -3.147002696990967
                ],
                [
                    -0.9546420574188232,
                    -0.16864840686321259,
                    -0.245389923453331,
                    -0.981559693813324
                ],
                [
                    0.0,
                    0.8241315484046936,
                    -0.5663984417915344,
                    -2.2655937671661377
                ],
                [
                    0.0,
                    0.0,
                    0.0,
                    1.0
                ]
            ]
        },
        {
            "file_path": "images/0029.png",
            "transform_matrix": [
                [
                    0.24309636652469635,
                    -0.23648309707641602,
                    -0.9407337307929993,
                    -3.762934923171997
                ],
                [
                    -0.9700021147727966,
                    -0.05926603451371193,
                    -0.23576128482818604,
                    -0.9430451393127441
                ],
                [
                    0.0,
                    0.969826340675354,
                    -0.2437964677810669,
                    -0.9751858711242676
                ],
                [
                    0.0,
                    0.0,
                    0.0,
                    1.0
                ]
            ]
        },
        {
            "file_path": "images/0030.png",
            "transform_matrix": [
                [
                    -0.07706999778747559,
                    -0.7585555911064148,
                    0.6470344662666321,
                    2.5881378650665283
                ],
                [
                    0.997025728225708,
                    -0.05863628536462784,
                    0.050015710294246674,
                    0.2000628411769867
                ],
                [
                    0.0,
                    0.6489646434783936,
                    0.7608185410499573,
                    3.043274164199829
                ],
                [
                    0.0,
                    0.0,
                    0.0,
                    1.0
                ]
            ]
        },
        {
            "file_path": "images/0031.png",
            "transform_matrix": [
                [
                    -0.4674954116344452,
                    -0.2003280222415924,
                    0.8609976172447205,
                    3.4439899921417236
                ],
                [
                    0.8839954137802124,
                    -0.10594220459461212,
                    0.4553331434726715,
                    1.821332335472107
                ],
                [
                    -7.4505792646561986e-09,
                    0.9739840626716614,
                    0.22661659121513367,
                    0.9064662456512451
                ],
                [
                    0.0,
                    0.0,
                    0.0,
                    1.0
                ]
            ]
        },
        {
            "file_path": "images/0034.png",
            "transform_matrix": [
                [
                    -0.3012060821056366,
                    -0.003241037717089057,
                    0.9535535573959351,
                    3.8142142295837402
                ],
                [
                    0.9535590410232544,
                    -0.00102376495487988,
                    0.3012043535709381,
                    1.2048174142837524
                ],
                [
                    5.8207657444020455e-11,
                    0.9999942779541016,
                    0.0033988850191235542,
                    0.013595540076494217
                ],
                [
                    0.0,
                    0.0,
                    0.0,
                    1.0
                ]
            ]
        },
        {
            "file_path": "images/0036.png",
            "transform_matrix": [
                [
                    0.9101178050041199,
                    0.3475935161113739,
                    -0.22553102672100067,
                    -0.9021241068840027
                ],
                [
                    -0.4143495261669159,
                    0.7634884715080261,
                    -0.49537843465805054,
                    -1.9815137386322021
                ],
                [
                    0.0,
                    0.5443013906478882,
                    0.8388897180557251,
                    3.3555588722229004
                ],
                [
                    0.0,
                    0.0,
                    0.0,
                    1.0
                ]
            ]
        },
        {
            "file_path": "images/0038.png",
            "transform_matrix": [
                [
                    -0.9683502912521362,
                    0.187636137008667,
                    0.16459158062934875,
                    0.658366322517395
                ],
                [
                    0.2495950609445572,
                    0.7279691100120544,
                    0.6385635137557983,
                    2.5542540550231934
                ],
                [
                    7.450580152834618e-09,
                    0.65943443775177,
                    -0.7517620921134949,
                    -3.0070483684539795
                ],
                [
                    0.0,
                    0.0,
                    0.0,
                    1.0
                ]
            ]
        },
        {
            "file_path": "images/0040.png",
            "transform_matrix": [
                [
                    -0.6798580288887024,
                    0.08862372487783432,
                    -0.7279689908027649,
                    -2.9118759632110596
                ],
                [
                    -0.7333436608314514,
                    -0.08216004818677902,
                    0.6748753190040588,
                    2.6995012760162354
                ],
                [
                    -3.725290076417309e-09,
                    0.9926709532737732,
                    0.12084881961345673,
                    0.4833952784538269
                ],
                [
                    0.0,
                    0.0,
                    0.0,
                    1.0
                ]
            ]
        },
        {
            "file_path": "images/0041.png",
            "transform_matrix": [
                [
                    0.7682124972343445,
                    0.6323062777519226,
                    -0.10019128769636154,
                    -0.4007650911808014
                ],
                [
                    -0.6401948928833008,
                    0.7587464451789856,
                    -0.12022620439529419,
                    -0.480904757976532
                ],
                [
                    0.0,
                    0.15650154650211334,
                    0.9876778721809387,
                    3.9507110118865967
                ],
                [
                    0.0,
                    0.0,
                    0.0,
                    1.0
                ]
            ]
        },
        {
            "file_path": "images/0043.png",
            "transform_matrix": [
                [
                    0.5435712337493896,
                    0.8103440999984741,
                    0.2187982052564621,
                    0.8751928210258484
                ],
                [
                    0.8393630385398865,
                    -0.5247786045074463,
                    -0.14169365167617798,
                    -0.5667746067047119
                ],
                [
                    0.0,
                    0.26067155599594116,
                    -0.9654275178909302,
                    -3.8617100715637207
                ],
                [
                    0.0,
                    0.0,
                    0.0,
                    1.0
                ]
            ]
        },
        {
            "file_path": "images/0044.png",
            "transform_matrix": [
                [
                    -0.990568995475769,
                    -0.1366274654865265,
                    -0.010296680964529514,
                    -0.04118672385811806
                ],
                [
                    -0.13701491057872772,
                    0.9877678751945496,
                    0.0744413286447525,
                    0.29776531457901
                ],
                [
                    9.313225746154785e-10,
                    0.07515016198158264,
                    -0.9971722364425659,
                    -3.9886889457702637
                ],
                [
                    0.0,
                    0.0,
                    0.0,
                    1.0
                ]
            ]
        },
        {
            "file_path": "images/0045.png",
            "transform_matrix": [
                [
                    0.6457707285881042,
                    0.6176940202713013,
                    0.44881418347358704,
                    1.7952567338943481
                ],
                [
                    0.7635312676429749,
                    -0.522426187992096,
                    -0.3795929551124573,
                    -1.518371820449829
                ],
                [
                    -1.4901160305669237e-08,
                    0.5878137350082397,
                    -0.808996319770813,
                    -3.235985279083252
                ],
                [
                    0.0,
                    0.0,
                    0.0,
                    1.0
                ]
            ]
        },
        {
            "file_path": "images/0046.png",
            "transform_matrix": [
                [
                    -0.8021441698074341,
                    -0.5405969023704529,
                    -0.25361332297325134,
                    -1.0144532918930054
                ],
                [
                    -0.5971304178237915,
                    0.7262008786201477,
                    0.3406867980957031,
                    1.3627471923828125
                ],
                [
                    0.0,
                    0.4247201085090637,
                    -0.9053246974945068,
                    -3.6212987899780273
                ],
                [
                    0.0,
                    0.0,
                    0.0,
                    1.0
                ]
            ]
        },
        {
            "file_path": "images/0048.png",
            "transform_matrix": [
                [
                    -0.40798357129096985,
                    0.7806693315505981,
                    0.4733971655368805,
                    1.893588662147522
                ],
                [
                    0.9129891991615295,
                    0.3488543629646301,
                    0.2115449756383896,
                    0.8461799025535583
                ],
                [
                    1.4901160305669237e-08,
                    0.5185133218765259,
                    -0.8550695180892944,
                    -3.4202780723571777
                ],
                [
                    0.0,
                    0.0,
                    0.0,
                    1.0
                ]
            ]
        },
        {
            "file_path": "images/0049.png",
            "transform_matrix": [
                [
                    -0.015477578155696392,
                    -0.10143551975488663,
                    -0.9947217106819153,
                    -3.978886842727661
                ],
                [
                    -0.9998802542686462,
                    0.0015701642259955406,
                    0.015397726558148861,
                    0.061590906232595444
                ],
                [
                    1.1641532182693481e-10,
                    0.9948408603668213,
                    -0.1014476791024208,
                    -0.4057907164096832
                ],
                [
                    0.0,
                    0.0,
                    0.0,
                    1.0
                ]
            ]
        },
        {
            "file_path": "images/0050.png",
            "transform_matrix": [
                [
                    0.9991706609725952,
                    -0.04071391746401787,
                    -0.0005651246756315231,
                    -0.0022604987025260925
                ],
                [
                    -0.04071783646941185,
                    -0.9990745186805725,
                    -0.013867534697055817,
                    -0.05547013878822327
                ],
                [
                    0.0,
                    0.013880077749490738,
                    -0.999903678894043,
                    -3.999614715576172
                ],
                [
                    0.0,
                    0.0,
                    0.0,
                    1.0
                ]
            ]
        },
        {
            "file_path": "images/0052.png",
            "transform_matrix": [
                [
                    -0.6713446378707886,
                    -0.5714733004570007,
                    0.4719264805316925,
                    1.88770592212677
                ],
                [
                    0.7411452531814575,
                    -0.5176522731781006,
                    0.42748069763183594,
                    1.7099227905273438
                ],
                [
                    0.0,
                    0.6367529630661011,
                    0.7710678577423096,
                    3.0842714309692383
                ],
                [
                    0.0,
                    0.0,
                    0.0,
                    1.0
                ]
            ]
        },
        {
            "file_path": "images/0053.png",
            "transform_matrix": [
                [
                    0.5163618326187134,
                    -0.5562581419944763,
                    0.65111243724823,
                    2.604449510574341
                ],
                [
                    0.8563703894615173,
                    0.33540451526641846,
                    -0.392598420381546,
                    -1.570393443107605
                ],
                [
                    1.4901158529312397e-08,
                    0.7603161931037903,
                    0.649553120136261,
                    2.598212242126465
                ],
                [
                    0.0,
                    0.0,
                    0.0,
                    1.0
                ]
            ]
        },
        {
            "file_path": "images/0054.png",
            "transform_matrix": [
                [
                    0.5376284718513489,
                    0.8029443621635437,
                    -0.2573632001876831,
                    -1.0294528007507324
                ],
                [
                    -0.8431817889213562,
                    0.5119723677635193,
                    -0.1640995889902115,
                    -0.656398355960846
                ],
                [
                    1.4901161193847656e-08,
                    0.3052286207675934,
                    0.9522790908813477,
                    3.8091163635253906
                ],
                [
                    0.0,
                    0.0,
                    0.0,
                    1.0
                ]
            ]
        },
        {
            "file_path": "images/0057.png",
            "transform_matrix": [
                [
                    0.48591718077659607,
                    0.2400190830230713,
                    -0.8404018878936768,
                    -3.361607551574707
                ],
                [
                    -0.8740049004554749,
                    0.1334424912929535,
                    -0.4672350287437439,
                    -1.8689401149749756
                ],
                [
                    0.0,
                    0.9615529179573059,
                    0.27461984753608704,
                    1.0984793901443481
                ],
                [
                    0.0,
                    0.0,
                    0.0,
                    1.0
                ]
            ]
        },
        {
            "file_path": "images/0058.png",
            "transform_matrix": [
                [
                    0.9868747591972351,
                    0.14723849296569824,
                    -0.06632453203201294,
                    -0.26529812812805176
                ],
                [
                    -0.1614871770143509,
                    0.8997986316680908,
                    -0.4053201377391815,
                    -1.621280550956726
                ],
                [
                    -3.725290076417309e-09,
                    0.4107106626033783,
                    0.9117656946182251,
                    3.6470627784729004
                ],
                [
                    0.0,
                    0.0,
                    0.0,
                    1.0
                ]
            ]
        },
        {
            "file_path": "images/0059.png",
            "transform_matrix": [
                [
                    0.9347609877586365,
                    0.31350213289260864,
                    0.16714738309383392,
                    0.6685895323753357
                ],
                [
                    0.3552771210670471,
                    -0.8248478174209595,
                    -0.4397773742675781,
                    -1.7591094970703125
                ],
                [
                    1.4901161193847656e-08,
                    0.4704703688621521,
                    -0.882415771484375,
                    -3.5296630859375
                ],
                [
                    0.0,
                    0.0,
                    0.0,
                    1.0
                ]
            ]
        },
        {
            "file_path": "images/0060.png",
            "transform_matrix": [
                [
                    0.03462953120470047,
                    0.9366649985313416,
                    0.3485105037689209,
                    1.3940420150756836
                ],
                [
                    0.9994001984596252,
                    -0.03245573863387108,
                    -0.01207599975168705,
                    -0.0483039990067482
                ],
                [
                    0.0,
                    0.34871965646743774,
                    -0.9372270703315735,
                    -3.748908281326294
                ],
                [
                    0.0,
                    0.0,
                    0.0,
                    1.0
                ]
            ]
        },
        {
            "file_path": "images/0061.png",
            "transform_matrix": [
                [
                    0.437163382768631,
                    -0.41821399331092834,
                    0.7962318658828735,
                    3.184927463531494
                ],
                [
                    0.8993820548057556,
                    0.20328164100646973,
                    -0.3870251178741455,
                    -1.548100471496582
                ],
                [
                    0.0,
                    0.8853098750114441,
                    0.46500149369239807,
                    1.8600059747695923
                ],
                [
                    0.0,
                    0.0,
                    0.0,
                    1.0
                ]
            ]
        },
        {
            "file_path": "images/0062.png",
            "transform_matrix": [
                [
                    -0.33791470527648926,
                    -0.2573993504047394,
                    -0.905295193195343,
                    -3.621180295944214
                ],
                [
                    -0.9411766529083252,
                    0.09241519868373871,
                    0.3250320255756378,
                    1.3001279830932617
                ],
                [
                    0.0,
                    0.9618757963180542,
                    -0.27348676323890686,
                    -1.093946933746338
                ],
                [
                    0.0,
                    0.0,
                    0.0,
                    1.0
                ]
            ]
        },
        {
            "file_path": "images/0063.png",
            "transform_matrix": [
                [
                    0.14924240112304688,
                    0.6758880019187927,
                    0.7217355966567993,
                    2.8869423866271973
                ],
                [
                    0.988800585269928,
                    -0.10201364010572433,
                    -0.10893354564905167,
                    -0.43573418259620667
                ],
                [
                    0.0,
                    0.729910135269165,
                    -0.6835431456565857,
                    -2.7341725826263428
                ],
                [
                    0.0,
                    0.0,
                    0.0,
                    1.0
                ]
            ]
        },
        {
            "file_path": "images/0064.png",
            "transform_matrix": [
                [
                    -0.5104252099990845,
                    -0.20179633796215057,
                    -0.8359092473983765,
                    -3.343636989593506
                ],
                [
                    -0.8599221110343933,
                    0.11978055536746979,
                    0.4961719214916229,
                    1.9846876859664917
                ],
                [
                    -7.450580152834618e-09,
                    0.9720755815505981,
                    -0.23466815054416656,
                    -0.9386726021766663
                ],
                [
                    0.0,
                    0.0,
                    0.0,
                    1.0
                ]
            ]
        },
        {
            "file_path": "images/0065.png",
            "transform_matrix": [
                [
                    -0.4303726851940155,
                    0.8274809718132019,
                    0.36063066124916077,
                    1.4425225257873535
                ],
                [
                    0.9026512503623962,
                    0.3945324122905731,
                    0.17194411158561707,
                    0.6877763867378235
                ],
                [
                    -1.4901160305669237e-08,
                    0.39952385425567627,
                    -0.9167229533195496,
                    -3.66689133644104
                ],
                [
                    0.0,
                    0.0,
                    0.0,
                    1.0
                ]
            ]
        },
        {
            "file_path": "images/0068.png",
            "transform_matrix": [
                [
                    0.9158501029014587,
                    0.3308977484703064,
                    -0.22743189334869385,
                    -0.9097275733947754
                ],
                [
                    -0.401520311832428,
                    0.754763126373291,
                    -0.5187620520591736,
                    -2.0750482082366943
                ],
                [
                    1.4901160305669237e-08,
                    0.5664268136024475,
                    0.824112057685852,
                    3.296448230743408
                ],
                [
                    0.0,
                    0.0,
                    0.0,
                    1.0
                ]
            ]
        },
        {
            "file_path": "images/0069.png",
            "transform_matrix": [
                [
                    0.5370503664016724,
                    0.2306516319513321,
                    0.8114041090011597,
                    3.2456164360046387
                ],
                [
                    0.8435500860214233,
                    -0.1468455195426941,
                    -0.5165845155715942,
                    -2.066338062286377
                ],
                [
                    -7.450580152834618e-09,
                    0.9618920087814331,
                    -0.27342966198921204,
                    -1.0937186479568481
                ],
                [
                    0.0,
                    0.0,
                    0.0,
                    1.0
                ]
            ]
        },
        {
            "file_path": "images/0070.png",
            "transform_matrix": [
                [
                    0.8945352435112,
                    0.3257904052734375,
                    0.3060511648654938,
                    1.224204659461975
                ],
                [
                    0.44699743390083313,
                    -0.651974618434906,
                    -0.6124722957611084,
                    -2.4498891830444336
                ],
                [
                    0.0,
                    0.6846821308135986,
                    -0.7288417816162109,
                    -2.9153671264648438
                ],
                [
                    0.0,
                    0.0,
                    0.0,
                    1.0
                ]
            ]
        },
        {
            "file_path": "images/0073.png",
            "transform_matrix": [
                [
                    -0.7715997099876404,
                    -0.6331790685653687,
                    -0.06097644567489624,
                    -0.24390578269958496
                ],
                [
                    -0.6361083388328552,
                    0.768046498298645,
                    0.07396445423364639,
                    0.29585781693458557
                ],
                [
                    0.0,
                    0.09585881978273392,
                    -0.9953949451446533,
                    -3.9815797805786133
                ],
                [
                    0.0,
                    0.0,
                    0.0,
                    1.0
                ]
            ]
        },
        {
            "file_path": "images/0074.png",
            "transform_matrix": [
                [
                    -0.303962379693985,
                    -0.878135085105896,
                    -0.3694397807121277,
                    -1.4777591228485107
                ],
                [
                    -0.9526839256286621,
                    0.28017690777778625,
                    0.11787309497594833,
                    0.47149237990379333
                ],
                [
                    -7.4505792646561986e-09,
                    0.3877882957458496,
                    -0.9217484593391418,
                    -3.6869938373565674
                ],
                [
                    0.0,
                    0.0,
                    0.0,
                    1.0
                ]
            ]
        },
        {
            "file_path": "images/0075.png",
            "transform_matrix": [
                [
                    0.7265699505805969,
                    -0.6537107229232788,
                    0.21156176924705505,
                    0.8462469577789307
                ],
                [
                    0.6870924830436707,
                    0.6912702322006226,
                    -0.22371724247932434,
                    -0.8948688507080078
                ],
                [
                    0.0,
                    0.307908833026886,
                    0.951416015625,
                    3.805663585662842
                ],
                [
                    0.0,
                    0.0,
                    0.0,
                    1.0
                ]
            ]
        },
        {
            "file_path": "images/0077.png",
            "transform_matrix": [
                [
                    0.9190518260002136,
                    -0.324552059173584,
                    0.2236282378435135,
                    0.8945128321647644
                ],
                [
                    0.3941364884376526,
                    0.7567940354347229,
                    -0.5214587450027466,
                    -2.0858347415924072
                ],
                [
                    -1.4901158529312397e-08,
                    0.5673876404762268,
                    0.8234509229660034,
                    3.2938032150268555
                ],
                [
                    0.0,
                    0.0,
                    0.0,
                    1.0
                ]
            ]
        },
        {
            "file_path": "images/0079.png",
            "transform_matrix": [
                [
                    0.9908969402313232,
                    0.1299828290939331,
                    0.03503889963030815,
                    0.1401555985212326
                ],
                [
                    0.13462266325950623,
                    -0.9567452073097229,
                    -0.25790560245513916,
                    -1.0316224098205566
                ],
                [
                    0.0,
                    0.2602747976779938,
                    -0.9655345678329468,
