{
    "focal": 1.7361110664350143,
    "frames": [
        {
            "file_path": "images/0002.png",
            "transform_matrix": [
                [
                    0.9971420764923096,
                    -0.07264991104602814,
                    -0.02072574570775032,
                    -0.08290298283100128
                ],
                [
                    -0.07554841786623001,
                    -0.9588854312896729,
                    -0.2735532224178314,
                    -1.0942128896713257
                ],
                [
                    1.8626448161640496e-09,
                    0.27433711290359497,
                    -0.961633563041687,
                    -3.846534252166748
                ],
                [
                    0.0,
                    0.0,
                    0.0,
                    1.0
                ]
            ]
        },
        {
            "file_path": "images/0003.png",
            "transform_matrix": [
                [
                    -0.996160089969635,
                    -0.06979195773601532,
                    0.05285944044589996,
                    0.21143776178359985
                ],
                [
                    0.08755019307136536,
                    -0.7941039800643921,
                    0.6014431118965149,
                    2.4057724475860596
                ],
                [
                    0.0,
                    0.6037613749504089,
                    0.797165036201477,
                    3.188660144805908
                ],
                [
                    0.0,
                    0.0,
                    0.0,
                    1.0
                ]
            ]
        },
        {
            "file_path": "images/0004.png",
            "transform_matrix": [
                [
                    -0.6977230310440063,
                    0.03695093095302582,
                    0.7154139876365662,
                    2.8616559505462646
                ],
                [
                    0.7163675427436829,
                    0.03598923236131668,
                    0.6967942714691162,
                    2.787177085876465
                ],
                [
                    -3.725290076417309e-09,
                    0.9986687898635864,
                    -0.051580969244241714,
                    -0.20632387697696686
                ],
                [
                    0.0,
                    0.0,
                    0.0,
                    1.0
                ]
            ]
        },
        {
            "file_path": "images/0007.png",
            "transform_matrix": [
                [
                    0.98930823802948,
                    0.14176587760448456,
                    -0.0342281311750412,
                    -0.1369125247001648
                ],
                [
                    -0.1458393931388855,
                    0.9616753458976746,
                    -0.23218809068202972,
                    -0.9287523627281189
                ],
                [
                    0.0,
                    0.23469732701778412,
                    0.9720684885978699,
                    3.8882739543914795
                ],
                [
                    0.0,
                    0.0,
                    0.0,
                    1.0
                ]
            ]
        },
        {
            "file_path": "images/0009.png",
            "transform_matrix": [
                [
                    0.433736652135849,
                    -0.8125873804092407,
                    -0.3893255591392517,
                    -1.5573022365570068
                ],
                [
                    -0.901039719581604,
                    -0.3911580443382263,
                    -0.18741102516651154,
                    -0.7496441006660461
                ],
                [
                    1.4901160305669237e-08,
                    0.43208473920822144,
                    -0.9018329977989197,
                    -3.6073319911956787
                ],
                [
                    0.0,
                    0.0,
                    0.0,
                    1.0
                ]
            ]
        },
        {
            "file_path": "images/0010.png",
            "transform_matrix": [
                [
                    0.2947635352611542,
                    0.8889688849449158,
                    0.35049787163734436,
                    1.4019914865493774
                ],
                [
                    0.9555701613426208,
                    -0.2742191255092621,
                    -0.10811764746904373,
                    -0.4324705898761749
                ],
                [
                    -7.450580152834618e-09,
                    0.3667944371700287,
                    -0.9303020238876343,
                    -3.721208095550537
                ],
                [
                    0.0,
                    0.0,
                    0.0,
                    1.0
                ]
            ]
        },
        {
            "file_path": "images/0011.png",
            "transform_matrix": [
                [
                    0.15909819304943085,
                    0.5421723127365112,
                    0.8250678181648254,
                    3.3002712726593018
                ],
                [
                    0.9872627854347229,
                    -0.08737151324748993,
                    -0.13296034932136536,
                    -0.5318413972854614
                ],
                [
                    0.0,
                    0.8357124924659729,
                    -0.5491672158241272,
                    -2.196668863296509
                ],
                [
                    0.0,
                    0.0,
                    0.0,
                    1.0
                ]
            ]
        },
        {
            "file_path": "images/0014.png",
            "transform_matrix": [
                [
                    0.21665818989276886,
                    -0.9736312031745911,
                    0.07142536342144012,
                    0.2857014536857605
                ],
                [
                    0.9762474894523621,
                    0.21607756614685059,
                    -0.015851400792598724,
                    -0.0634056031703949
                ],
                [
                    0.0,
                    0.07316242903470993,
                    0.9973199963569641,
                    3.9892799854278564
                ],
                [
                    0.0,
                    0.0,
                    0.0,
                    1.0
                ]
            ]
        },
        {
            "file_path": "images/0015.png",
            "transform_matrix": [
                [
                    -0.7643792033195496,
                    -0.6399238705635071,
                    -0.07887843996286392,
                    -0.3155137598514557
                ],
                [
                    -0.6447668075561523,
                    0.7586377859115601,
                    0.09351138770580292,
                    0.37404555082321167
                ],
                [
                    -3.725290076417309e-09,
                    0.12233638763427734,
                    -0.99248868227005,
                    -3.9699547290802
                ],
                [
                    0.0,
                    0.0,
                    0.0,
                    1.0
                ]
            ]
        },
        {
            "file_path": "images/0017.png",
            "transform_matrix": [
                [
                    0.9081822633743286,
                    -0.22109802067279816,
                    -0.3554161489009857,
                    -1.4216645956039429
                ],
                [
                    -0.41857489943504333,
                    -0.47971653938293457,
                    -0.7711466550827026,
                    -3.0845866203308105
                ],
                [
                    -1.4901160305669237e-08,
                    0.849109947681427,
                    -0.5282161235809326,
                    -2.1128644943237305
                ],
                [
                    0.0,
                    0.0,
                    0.0,
                    1.0
                ]
            ]
        },
        {
            "file_path": "images/0018.png",
            "transform_matrix": [
                [
                    -0.8969907760620117,
                    -0.09618975967168808,
                    0.43145689368247986,
                    1.7258275747299194
                ],
                [
                    0.44204920530319214,
                    -0.19518491625785828,
                    0.8754972219467163,
                    3.5019888877868652
                ],
                [
                    7.450580152834618e-09,
                    0.9760380983352661,
                    0.21759966015815735,
                    0.8703986406326294
                ],
                [
                    0.0,
                    0.0,
                    0.0,
                    1.0
                ]
            ]
        },
        {
            "file_path": "images/0019.png",
            "transform_matrix": [
                [
                    -0.5587546229362488,
                    -0.32335996627807617,
                    -0.763696014881134,
                    -3.054784059524536
                ],
                [
                    -0.8293330073356628,
                    0.21786047518253326,
                    0.5145323872566223,
                    2.0581295490264893
                ],
                [
                    1.4901160305669237e-08,
                    0.920855700969696,
                    -0.38990363478660583,
                    -1.5596145391464233
                ],
                [
                    0.0,
                    0.0,
                    0.0,
                    1.0
                ]
            ]
        },
        {
            "file_path": "images/0021.png",
            "transform_matrix": [
                [
                    0.25957122445106506,
                    -0.6138507127761841,
                    0.7455267310142517,
                    2.982106924057007
                ],
                [
                    0.9657239317893982,
                    0.1649933159351349,
                    -0.20038573443889618,
                    -0.8015429377555847
                ],
                [
                    0.0,
                    0.7719874382019043,
                    0.6356378197669983,
                    2.542551279067993
                ],
                [
                    0.0,
                    0.0,
                    0.0,
                    1.0
                ]
            ]
        },
        {
            "file_path": "images/0022.png",
            "transform_matrix": [
                [
                    -0.45474475622177124,
                    0.8445882201194763,
                    -0.28262677788734436,
                    -1.130506992340088
                ],
                [
                    -0.8906218409538269,
                    -0.4312403202056885,
                    0.14430707693099976,
                    0.5772282481193542
                ],
                [
                    -7.450580152834618e-09,
                    0.3173366189002991,
                    0.9483131170272827,
                    3.7932519912719727
                ],
                [
                    0.0,
                    0.0,
                    0.0,
                    1.0
                ]
            ]
        },
        {
            "file_path": "images/0023.png",
            "transform_matrix": [
                [
                    -0.9721390604972839,
                    -0.12535110116004944,
                    0.19807220995426178,
                    0.7922887206077576
                ],
                [
                    0.234404519200325,
                    -0.5198649168014526,
                    0.8214591145515442,
                    3.2858359813690186
                ],
                [
                    -7.4505792646561986e-09,
                    0.8450014591217041,
                    0.5347639918327332,
                    2.1390557289123535
                ],
                [
                    0.0,
                    0.0,
                    0.0,
                    1.0
                ]
            ]
        },
        {
            "file_path": "images/0024.png",
            "transform_matrix": [
                [
                    0.6983349323272705,
                    -0.64136803150177,
                    0.31776610016822815,
                    1.2710644006729126
                ],
                [
                    0.7157710194587708,
                    0.6257444024085999,
                    -0.3100253641605377,
                    -1.2401014566421509
                ],
                [
                    0.0,
                    0.443949431180954,
                    0.8960518836975098,
                    3.584207534790039
                ],
                [
                    0.0,
                    0.0,
                    0.0,
                    1.0
                ]
            ]
        },
        {
            "file_path": "images/0027.png",
            "transform_matrix": [
                [
                    -0.6516295075416565,
                    -0.5162864923477173,
                    0.5557222366333008,
                    2.222888946533203
                ],
                [
                    0.7585372924804688,
                    -0.4435214102268219,
                    0.47739914059638977,
                    1.909596562385559
                ],
                [
                    -1.4901160305669237e-08,
                    0.7326233983039856,
                    0.6806342005729675,
                    2.72253680229187
                ],
                [
                    0.0,
                    0.0,
                    0.0,
                    1.0
                ]
            ]
        },
        {
            "file_path": "images/0029.png",
            "transform_matrix": [
                [
                    0.24309636652469635,
                    -0.23648309707641602,
                    -0.9407337307929993,
                    -3.762934923171997
                ],
                [
                    -0.9700021147727966,
                    -0.05926603451371193,
                    -0.23576128482818604,
                    -0.9430451393127441
                ],
                [
                    0.0,
                    0.969826340675354,
                    -0.2437964677810669,
                    -0.9751858711242676
                ],
                [
                    0.0,
                    0.0,
                    0.0,
                    1.0
                ]
            ]
        },
        {
            "file_path": "images/0031.png",
            "transform_matrix": [
                [
                    -0.4674954116344452,
                    -0.2003280222415924,
                    0.8609976172447205,
                    3.4439899921417236
                ],
                [
                    0.8839954137802124,
                    -0.10594220459461212,
                    0.4553331434726715,
                    1.821332335472107
                ],
                [
                    -7.4505792646561986e-09,
                    0.9739840626716614,
                    0.22661659121513367,
                    0.9064662456512451
                ],
                [
                    0.0,
                    0.0,
                    0.0,
                    1.0
                ]
            ]
        },
        {
            "file_path": "images/0032.png",
            "transform_matrix": [
                [
                    -0.4276454746723175,
                    0.6094881296157837,
                    0.6675654053688049,
                    2.6702616214752197
                ],
                [
                    0.9039465188980103,
                    0.2883410155773163,
                    0.31581664085388184,
                    1.2632665634155273
                ],
                [
                    1.4901160305669237e-08,
                    0.7385010123252869,
                    -0.6742523908615112,
                    -2.697009563446045
                ],
                [
                    0.0,
                    0.0,
                    0.0,
                    1.0
                ]
            ]
        },
        {
            "file_path": "images/0038.png",
            "transform_matrix": [
                [
                    -0.9683502912521362,
                    0.187636137008667,
                    0.16459158062934875,
                    0.658366322517395
                ],
                [
                    0.2495950609445572,
                    0.7279691100120544,
                    0.6385635137557983,
                    2.5542540550231934
                ],
                [
                    7.450580152834618e-09,
                    0.65943443775177,
                    -0.7517620921134949,
                    -3.0070483684539795
                ],
                [
                    0.0,
                    0.0,
                    0.0,
                    1.0
                ]
            ]
        },
        {
            "file_path": "images/0039.png",
            "transform_matrix": [
                [
                    0.2571594715118408,
                    -0.6955277323722839,
                    0.6709025502204895,
                    2.683610200881958
                ],
                [
                    0.9663689732551575,
                    0.185086190700531,
                    -0.17853322625160217,
                    -0.7141329050064087
                ],
                [
                    1.4901160305669237e-08,
                    0.6942508816719055,
                    0.7197330594062805,
                    2.878932237625122
                ],
                [
                    0.0,
                    0.0,
                    0.0,
                    1.0
                ]
            ]
        },
        {
            "file_path": "images/0040.png",
            "transform_matrix": [
                [
                    -0.6798580288887024,
                    0.08862372487783432,
                    -0.7279689908027649,
                    -2.9118759632110596
                ],
                [
                    -0.7333436608314514,
                    -0.08216004818677902,
                    0.6748753190040588,
                    2.6995012760162354
                ],
                [
                    -3.725290076417309e-09,
                    0.9926709532737732,
                    0.12084881961345673,
                    0.4833952784538269
                ],
                [
                    0.0,
                    0.0,
                    0.0,
                    1.0
                ]
            ]
        },
        {
            "file_path": "images/0042.png",
            "transform_matrix": [
                [
                    0.23986651003360748,
                    -0.32181257009506226,
                    -0.9159152507781982,
                    -3.663661003112793
                ],
                [
                    -0.970805823802948,
                    -0.07951337844133377,
                    -0.22630414366722107,
                    -0.9052165746688843
                ],
                [
                    0.0,
                    0.9434587359428406,
                    -0.33149009943008423,
                    -1.325960397720337
                ],
                [
                    0.0,
                    0.0,
                    0.0,
                    1.0
                ]
            ]
        },
        {
            "file_path": "images/0043.png",
            "transform_matrix": [
                [
                    0.5435712337493896,
                    0.8103440999984741,
                    0.2187982052564621,
                    0.8751928210258484
                ],
                [
                    0.8393630385398865,
                    -0.5247786045074463,
                    -0.14169365167617798,
                    -0.5667746067047119
                ],
                [
                    0.0,
                    0.26067155599594116,
                    -0.9654275178909302,
                    -3.8617100715637207
                ],
                [
                    0.0,
                    0.0,
                    0.0,
                    1.0
                ]
            ]
        },
        {
            "file_path": "images/0044.png",
            "transform_matrix": [
                [
                    -0.990568995475769,
                    -0.1366274654865265,
                    -0.010296680964529514,
                    -0.04118672385811806
                ],
                [
                    -0.13701491057872772,
                    0.9877678751945496,
                    0.0744413286447525,
                    0.29776531457901
                ],
                [
                    9.313225746154785e-10,
                    0.07515016198158264,
                    -0.9971722364425659,
                    -3.9886889457702637
                ],
                [
                    0.0,
                    0.0,
                    0.0,
                    1.0
                ]
            ]
        },
        {
            "file_path": "images/0046.png",
            "transform_matrix": [
                [
                    -0.8021441698074341,
                    -0.5405969023704529,
                    -0.25361332297325134,
                    -1.0144532918930054
                ],
                [
                    -0.5971304178237915,
                    0.7262008786201477,
                    0.3406867980957031,
                    1.3627471923828125
                ],
                [
                    0.0,
                    0.4247201085090637,
                    -0.9053246974945068,
                    -3.6212987899780273
                ],
                [
                    0.0,
                    0.0,
                    0.0,
                    1.0
                ]
            ]
        },
        {
            "file_path": "images/0049.png",
            "transform_matrix": [
                [
                    -0.015477578155696392,
                    -0.10143551975488663,
                    -0.9947217106819153,
                    -3.978886842727661
                ],
                [
                    -0.9998802542686462,
                    0.0015701642259955406,
                    0.015397726558148861,
                    0.061590906232595444
                ],
                [
                    1.1641532182693481e-10,
                    0.9948408603668213,
                    -0.1014476791024208,
                    -0.4057907164096832
                ],
                [
                    0.0,
                    0.0,
                    0.0,
                    1.0
                ]
            ]
        },
        {
            "file_path": "images/0050.png",
            "transform_matrix": [
                [
                    0.9991706609725952,
                    -0.04071391746401787,
                    -0.0005651246756315231,
                    -0.0022604987025260925
                ],
                [
                    -0.04071783646941185,
                    -0.9990745186805725,
                    -0.013867534697055817,
                    -0.05547013878822327
                ],
                [
                    0.0,
                    0.013880077749490738,
                    -0.999903678894043,
                    -3.999614715576172
                ],
                [
                    0.0,
                    0.0,
                    0.0,
                    1.0
                ]
            ]
        },
        {
            "file_path": "images/0051.png",
            "transform_matrix": [
                [
                    0.1355815827846527,
                    -0.9331952333450317,
                    0.33281269669532776,
                    1.331250786781311
                ],
                [
                    0.9907662272453308,
                    0.12770327925682068,
                    -0.04554381221532822,
                    -0.18217524886131287
                ],
                [
                    -7.450580596923828e-09,
                    0.33591440320014954,
                    0.9418925046920776,
                    3.7675700187683105
                ],
                [
                    0.0,
                    0.0,
                    0.0,
                    1.0
                ]
            ]
        },
        {
            "file_path": "images/0053.png",
            "transform_matrix": [
                [
                    0.5163618326187134,
                    -0.5562581419944763,
                    0.65111243724823,
                    2.604449510574341
                ],
                [
                    0.8563703894615173,
                    0.33540451526641846,
                    -0.392598420381546,
                    -1.570393443107605
                ],
                [
                    1.4901158529312397e-08,
                    0.7603161931037903,
                    0.649553120136261,
                    2.598212242126465
                ],
                [
                    0.0,
                    0.0,
                    0.0,
                    1.0
                ]
            ]
        },
        {
            "file_path": "images/0058.png",
            "transform_matrix": [
                [
                    0.9868747591972351,
                    0.14723849296569824,
                    -0.06632453203201294,
                    -0.26529812812805176
                ],
                [
                    -0.1614871770143509,
                    0.8997986316680908,
                    -0.4053201377391815,
                    -1.621280550956726
                ],
                [
                    -3.725290076417309e-09,
                    0.4107106626033783,
                    0.9117656946182251,
                    3.6470627784729004
                ],
                [
                    0.0,
                    0.0,
                    0.0,
                    1.0
                ]
            ]
        },
        {
            "file_path": "images/0059.png",
            "transform_matrix": [
                [
                    0.9347609877586365,
                    0.31350213289260864,
                    0.16714738309383392,
                    0.6685895323753357
                ],
                [
                    0.3552771210670471,
                    -0.8248478174209595,
                    -0.4397773742675781,
                    -1.7591094970703125
                ],
                [
                    1.4901161193847656e-08,
                    0.4704703688621521,
                    -0.882415771484375,
                    -3.5296630859375
                ],
                [
                    0.0,
                    0.0,
                    0.0,
                    1.0
                ]
            ]
        },
        {
            "file_path": "images/0060.png",
            "transform_matrix": [
                [
                    0.03462953120470047,
                    0.9366649985313416,
                    0.3485105037689209,
                    1.3940420150756836
                ],
                [
                    0.9994001984596252,
                    -0.03245573863387108,
                    -0.01207599975168705,
                    -0.0483039990067482
                ],
                [
                    0.0,
                    0.34871965646743774,
                    -0.9372270703315735,
                    -3.748908281326294
                ],
                [
                    0.0,
                    0.0,
                    0.0,
                    1.0
                ]
            ]
        },
        {
            "file_path": "images/0061.png",
            "transform_matrix": [
                [
                    0.437163382768631,
                    -0.41821399331092834,
                    0.7962318658828735,
                    3.184927463531494
                ],
                [
                    0.8993820548057556,
                    0.20328164100646973,
                    -0.3870251178741455,
                    -1.548100471496582
                ],
                [
                    0.0,
                    0.8853098750114441,
                    0.46500149369239807,
                    1.8600059747695923
                ],
                [
                    0.0,
                    0.0,
                    0.0,
                    1.0
                ]
            ]
        },
        {
            "file_path": "images/0062.png",
            "transform_matrix": [
                [
                    -0.33791470527648926,
                    -0.2573993504047394,
                    -0.905295193195343,
                    -3.621180295944214
                ],
                [
                    -0.9411766529083252,
                    0.09241519868373871,
                    0.3250320255756378,
                    1.3001279830932617
                ],
                [
                    0.0,
                    0.9618757963180542,
                    -0.27348676323890686,
                    -1.093946933746338
                ],
                [
                    0.0,
                    0.0,
                    0.0,
                    1.0
                ]
            ]
        },
        {
            "file_path": "images/0064.png",
            "transform_matrix": [
                [
                    -0.5104252099990845,
                    -0.20179633796215057,
                    -0.8359092473983765,
                    -3.343636989593506
                ],
                [
                    -0.8599221110343933,
                    0.11978055536746979,
                    0.4961719214916229,
                    1.9846876859664917
                ],
                [
                    -7.450580152834618e-09,
                    0.9720755815505981,
                    -0.23466815054416656,
                    -0.9386726021766663
                ],
                [
                    0.0,
                    0.0,
                    0.0,
                    1.0
                ]
            ]
        },
        {
            "file_path": "images/0066.png",
            "transform_matrix": [
                [
                    0.45283547043800354,
                    0.0894860178232193,
                    -0.8870920538902283,
                    -3.548368215560913
                ],
                [
                    -0.8915940523147583,
                    0.045449431985616684,
                    -0.45054891705513,
                    -1.80219566822052
                ],
                [
                    0.0,
                    0.994950532913208,
                    0.10036631673574448,
                    0.4014652669429779
                ],
                [
                    0.0,
                    0.0,
                    0.0,
                    1.0
                ]
            ]
        },
        {
            "file_path": "images/0070.png",
            "transform_matrix": [
                [
                    0.8945352435112,
                    0.3257904052734375,
                    0.3060511648654938,
                    1.224204659461975
                ],
                [
                    0.44699743390083313,
                    -0.651974618434906,
                    -0.6124722957611084,
                    -2.4498891830444336
                ],
                [
                    0.0,
                    0.6846821308135986,
                    -0.7288417816162109,
                    -2.9153671264648438
                ],
                [
                    0.0,
                    0.0,
                    0.0,
                    1.0
                ]
            ]
        },
        {
            "file_path": "images/0071.png",
            "transform_matrix": [
                [
                    0.44516029953956604,
                    -0.7426219582557678,
                    -0.5003448128700256,
                    -2.0013792514801025
                ],
                [
                    -0.8954508304595947,
                    -0.36918365955352783,
                    -0.2487391084432602,
                    -0.9949564337730408
                ],
                [
                    0.0,
                    0.5587629675865173,
                    -0.829327404499054,
                    -3.317309617996216
                ],
                [
                    0.0,
                    0.0,
                    0.0,
                    1.0
                ]
            ]
        },
        {
            "file_path": "images/0072.png",
            "transform_matrix": [
                [
                    0.9825037717819214,
                    0.18622547388076782,
                    0.0025046607479453087,
                    0.010018642991781235
                ],
                [
                    0.18624228239059448,
                    -0.9824150800704956,
                    -0.013213103637099266,
                    -0.052852414548397064
                ],
                [
                    0.0,
                    0.013446991331875324,
                    -0.9999095797538757,
                    -3.999638319015503
                ],
                [
                    0.0,
                    0.0,
                    0.0,
                    1.0
                ]
            ]
        },
        {
            "file_path": "images/0075.png",
            "transform_matrix": [
                [
                    0.7265699505805969,
                    -0.6537107229232788,
                    0.21156176924705505,
                    0.8462469577789307
                ],
                [
                    0.6870924830436707,
                    0.6912702322006226,
                    -0.22371724247932434,
                    -0.8948688507080078
                ],
                [
                    0.0,
                    0.307908833026886,
                    0.951416015625,
                    3.805663585662842
                ],
                [
                    0.0,
                    0.0,
                    0.0,
                    1.0
                ]
            ]
        },
        {
            "file_path": "images/0078.png",
            "transform_matrix": [
                [
                    -0.7914478182792664,
                    0.3577556908130646,
                    0.4956018626689911,
                    1.9824074506759644
                ],
                [
                    0.6112366914749146,
                    0.46323293447494507,
                    0.6417202949523926,
                    2.5668811798095703
                ],
                [
                    -1.4901160305669237e-08,
                    0.8108181953430176,
                    -0.5852981209754944,
                    -2.3411924839019775
                ],
                [
                    0.0,
                    0.0,
                    0.0,
                    1.0
                ]
            ]
        },
        {
            "file_path": "images/0079.png",
            "transform_matrix": [
                [
                    0.9908969402313232,
                    0.1299828290939331,
                    0.03503889963030815,
                    0.1401555985212326
                ],
                [
                    0.13462266325950623,
                    -0.9567452073097229,
                    -0.25790560245513916,
                    -1.0316224098205566
                ],
                [
                    0.0,
                    0.2602747976779938,
                    -0.9655345678329468,
                    -3.862138271331787
                ],
                [
                    0.0,
                    0.0,
                    0.0,
                    1.0
                ]
            ]
        },
        {
            "file_path": "images/0080.png",
            "transform_matrix": [
                [
                    0.03731604665517807,
                    -0.9565644264221191,
                    -0.28912273049354553,
                    -1.1564909219741821
                ],
                [
                    -0.9993034601211548,
                    -0.035720087587833405,
                    -0.0107964389026165,
                    -0.043185755610466
                ],
                [
                    0.0,
                    0.28932425379753113,
                    -0.9572311639785767,
                    -3.8289246559143066
                ],
                [
                    0.0,
                    0.0,
                    0.0,
                    1.0
                ]
            ]
        },
        {
            "file_path": "images/0082.png",
            "transform_matrix": [
                [
                    0.024149149656295776,
                    -0.621445894241333,
                    0.7830848693847656,
                    3.1323394775390625
                ],
                [
                    0.999708354473114,
                    0.015011768788099289,
                    -0.018916349858045578,
                    -0.07566539943218231
                ],
                [
                    -9.313225191043273e-10,
                    0.7833133339881897,
                    0.621627151966095,
                    2.48650860786438
                ],
                [
                    0.0,
                    0.0,
                    0.0,
                    1.0
                ]
            ]
        },
        {
            "file_path": "images/0083.png",
            "transform_matrix": [
                [
                    -0.9932745099067688,
                    -0.09931018203496933,
                    0.05952483415603638,
                    0.2380993366241455
                ],
                [
                    0.11578305810689926,
                    -0.8519577383995056,
                    0.5106489658355713,
                    2.042595863342285
                ],
                [
                    0.0,
                    0.5141065120697021,
                    0.8577263355255127,
                    3.430905342102051
                ],
                [
                    0.0,
                    0.0,
                    0.0,
                    1.0
                ]
            ]
        },
        {
            "file_path": "images/0084.png",
            "transform_matrix": [
                [
                    0.9502547383308411,
                    -0.23357179760932922,
                    -0.20605847239494324,
                    -0.824233889579773
                ],
                [
                    -0.31147369742393494,
                    -0.712588906288147,
                    -0.6286503076553345,
                    -2.514601230621338
                ],
                [
                    0.0,
                    0.6615597605705261,
