{
    "focal": 1.7361110664350143,
    "frames": [
        {
            "file_path": "images/0002.png",
            "transform_matrix": [
                [
                    0.9971420764923096,
                    -0.07264991104602814,
                    -0.02072574570775032,
                    -0.08290298283100128
                ],
                [
                    -0.07554841786623001,
                    -0.9588854312896729,
                    -0.2735532224178314,
                    -1.0942128896713257
                ],
                [
                    1.8626448161640496e-09,
                    0.27433711290359497,
                    -0.961633563041687,
                    -3.846534252166748
                ],
                [
                    0.0,
                    0.0,
                    0.0,
                    1.0
                ]
            ]
        },
        {
            "file_path": "images/0005.png",
            "transform_matrix": [
                [
                    -0.9631511569023132,
                    0.11749709397554398,
                    -0.24193857610225677,
                    -0.9677543044090271
                ],
                [
                    -0.2689606249332428,
                    -0.4207584261894226,
                    0.866384744644165,
                    3.46553897857666
                ],
                [
                    0.0,
                    0.8995314240455627,
                    0.4368560314178467,
                    1.7474241256713867
                ],
                [
                    0.0,
                    0.0,
                    0.0,
                    1.0
                ]
            ]
        },
        {
            "file_path": "images/0007.png",
            "transform_matrix": [
                [
                    0.98930823802948,
                    0.14176587760448456,
                    -0.0342281311750412,
                    -0.1369125247001648
                ],
                [
                    -0.1458393931388855,
                    0.9616753458976746,
                    -0.23218809068202972,
                    -0.9287523627281189
                ],
                [
                    0.0,
                    0.23469732701778412,
                    0.9720684885978699,
                    3.8882739543914795
                ],
                [
                    0.0,
                    0.0,
                    0.0,
                    1.0
                ]
            ]
        },
        {
            "file_path": "images/0008.png",
            "transform_matrix": [
                [
                    -0.23034439980983734,
                    -0.6807553172111511,
                    -0.6953514814376831,
                    -2.7814059257507324
                ],
                [
                    -0.9731090664863586,
                    0.16114142537117004,
                    0.16459648311138153,
                    0.6583859324455261
                ],
                [
                    0.0,
                    0.7145668268203735,
                    -0.6995672583580017,
                    -2.798269033432007
                ],
                [
                    0.0,
                    0.0,
                    0.0,
                    1.0
                ]
            ]
        },
        {
            "file_path": "images/0009.png",
            "transform_matrix": [
                [
                    0.433736652135849,
                    -0.8125873804092407,
                    -0.3893255591392517,
                    -1.5573022365570068
                ],
                [
                    -0.901039719581604,
                    -0.3911580443382263,
                    -0.18741102516651154,
                    -0.7496441006660461
                ],
                [
                    1.4901160305669237e-08,
                    0.43208473920822144,
                    -0.9018329977989197,
                    -3.6073319911956787
                ],
                [
                    0.0,
                    0.0,
                    0.0,
                    1.0
                ]
            ]
        },
        {
            "file_path": "images/0010.png",
            "transform_matrix": [
                [
                    0.2947635352611542,
                    0.8889688849449158,
                    0.35049787163734436,
                    1.4019914865493774
                ],
                [
                    0.9555701613426208,
                    -0.2742191255092621,
                    -0.10811764746904373,
                    -0.4324705898761749
                ],
                [
                    -7.450580152834618e-09,
                    0.3667944371700287,
                    -0.9303020238876343,
                    -3.721208095550537
                ],
                [
                    0.0,
                    0.0,
                    0.0,
                    1.0
                ]
            ]
        },
        {
            "file_path": "images/0012.png",
            "transform_matrix": [
                [
                    0.99839848279953,
                    0.022383183240890503,
                    0.051955386996269226,
                    0.2078215479850769
                ],
                [
                    0.056571800261735916,
                    -0.3950260579586029,
                    -0.9169264435768127,
                    -3.667705774307251
                ],
                [
                    0.0,
                    0.9183971881866455,
                    -0.3956596851348877,
                    -1.5826387405395508
                ],
                [
                    0.0,
                    0.0,
                    0.0,
                    1.0
                ]
            ]
        },
        {
            "file_path": "images/0013.png",
            "transform_matrix": [
                [
                    0.6219445466995239,
                    -0.22984939813613892,
                    -0.7485681176185608,
                    -2.994272470474243
                ],
                [
                    -0.7830613255500793,
                    -0.18255731463432312,
                    -0.5945484042167664,
                    -2.3781936168670654
                ],
                [
                    1.4901161193847656e-08,
                    0.955950915813446,
                    -0.29352667927742004,
                    -1.1741067171096802
                ],
                [
                    0.0,
                    0.0,
                    0.0,
                    1.0
                ]
            ]
        },
        {
            "file_path": "images/0014.png",
            "transform_matrix": [
                [
                    0.21665818989276886,
                    -0.9736312031745911,
                    0.07142536342144012,
                    0.2857014536857605
                ],
                [
                    0.9762474894523621,
                    0.21607756614685059,
                    -0.015851400792598724,
                    -0.0634056031703949
                ],
                [
                    0.0,
                    0.07316242903470993,
                    0.9973199963569641,
                    3.9892799854278564
                ],
                [
                    0.0,
                    0.0,
                    0.0,
                    1.0
                ]
            ]
        },
        {
            "file_path": "images/0017.png",
            "transform_matrix": [
                [
                    0.9081822633743286,
                    -0.22109802067279816,
                    -0.3554161489009857,
                    -1.4216645956039429
                ],
                [
                    -0.41857489943504333,
                    -0.47971653938293457,
                    -0.7711466550827026,
                    -3.0845866203308105
                ],
                [
                    -1.4901160305669237e-08,
                    0.849109947681427,
                    -0.5282161235809326,
                    -2.1128644943237305
                ],
                [
                    0.0,
                    0.0,
                    0.0,
                    1.0
                ]
            ]
        },
        {
            "file_path": "images/0020.png",
            "transform_matrix": [
                [
                    0.8605803847312927,
                    -0.18818449974060059,
                    -0.47327372431755066,
                    -1.8930946588516235
                ],
                [
                    -0.5093145370483398,
                    -0.31797221302986145,
                    -0.7996827363967896,
                    -3.19873046875
                ],
                [
                    0.0,
                    0.9292364120483398,
                    -0.3694857954978943,
                    -1.4779430627822876
                ],
                [
                    0.0,
                    0.0,
                    0.0,
                    1.0
                ]
            ]
        },
        {
            "file_path": "images/0021.png",
            "transform_matrix": [
                [
                    0.25957122445106506,
                    -0.6138507127761841,
                    0.7455267310142517,
                    2.982106924057007
                ],
                [
                    0.9657239317893982,
                    0.1649933159351349,
                    -0.20038573443889618,
                    -0.8015429377555847
                ],
                [
                    0.0,
                    0.7719874382019043,
                    0.6356378197669983,
                    2.542551279067993
                ],
                [
                    0.0,
                    0.0,
                    0.0,
                    1.0
                ]
            ]
        },
        {
            "file_path": "images/0022.png",
            "transform_matrix": [
                [
                    -0.45474475622177124,
                    0.8445882201194763,
                    -0.28262677788734436,
                    -1.130506992340088
                ],
                [
                    -0.8906218409538269,
                    -0.4312403202056885,
                    0.14430707693099976,
                    0.5772282481193542
                ],
                [
                    -7.450580152834618e-09,
                    0.3173366189002991,
                    0.9483131170272827,
                    3.7932519912719727
                ],
                [
                    0.0,
                    0.0,
                    0.0,
                    1.0
                ]
            ]
        },
        {
            "file_path": "images/0023.png",
            "transform_matrix": [
                [
                    -0.9721390604972839,
                    -0.12535110116004944,
                    0.19807220995426178,
                    0.7922887206077576
                ],
                [
                    0.234404519200325,
                    -0.5198649168014526,
                    0.8214591145515442,
                    3.2858359813690186
                ],
                [
                    -7.4505792646561986e-09,
                    0.8450014591217041,
                    0.5347639918327332,
                    2.1390557289123535
                ],
                [
                    0.0,
                    0.0,
                    0.0,
                    1.0
                ]
            ]
        },
        {
            "file_path": "images/0026.png",
            "transform_matrix": [
                [
                    -0.8034309148788452,
                    0.1791086345911026,
                    0.5678192973136902,
                    2.2712771892547607
                ],
                [
                    0.5953978300094604,
                    0.2416895180940628,
                    0.7662163972854614,
                    3.0648655891418457
                ],
                [
                    0.0,
                    0.9536803364753723,
                    -0.3008217513561249,
                    -1.2032870054244995
                ],
                [
                    0.0,
                    0.0,
                    0.0,
                    1.0
                ]
            ]
        },
        {
            "file_path": "images/0027.png",
            "transform_matrix": [
                [
                    -0.6516295075416565,
                    -0.5162864923477173,
                    0.5557222366333008,
                    2.222888946533203
                ],
                [
                    0.7585372924804688,
                    -0.4435214102268219,
                    0.47739914059638977,
                    1.909596562385559
                ],
                [
                    -1.4901160305669237e-08,
                    0.7326233983039856,
                    0.6806342005729675,
                    2.72253680229187
                ],
                [
                    0.0,
                    0.0,
                    0.0,
                    1.0
                ]
            ]
        },
        {
            "file_path": "images/0029.png",
            "transform_matrix": [
                [
                    0.24309636652469635,
                    -0.23648309707641602,
                    -0.9407337307929993,
                    -3.762934923171997
                ],
                [
                    -0.9700021147727966,
                    -0.05926603451371193,
                    -0.23576128482818604,
                    -0.9430451393127441
                ],
                [
                    0.0,
                    0.969826340675354,
                    -0.2437964677810669,
                    -0.9751858711242676
                ],
                [
                    0.0,
                    0.0,
                    0.0,
                    1.0
                ]
            ]
        },
        {
            "file_path": "images/0030.png",
            "transform_matrix": [
                [
                    -0.07706999778747559,
                    -0.7585555911064148,
                    0.6470344662666321,
                    2.5881378650665283
                ],
                [
                    0.997025728225708,
                    -0.05863628536462784,
                    0.050015710294246674,
                    0.2000628411769867
                ],
                [
                    0.0,
                    0.6489646434783936,
                    0.7608185410499573,
                    3.043274164199829
                ],
                [
                    0.0,
                    0.0,
                    0.0,
                    1.0
                ]
            ]
        },
        {
            "file_path": "images/0032.png",
            "transform_matrix": [
                [
                    -0.4276454746723175,
                    0.6094881296157837,
                    0.6675654053688049,
                    2.6702616214752197
                ],
                [
                    0.9039465188980103,
                    0.2883410155773163,
                    0.31581664085388184,
                    1.2632665634155273
                ],
                [
                    1.4901160305669237e-08,
                    0.7385010123252869,
                    -0.6742523908615112,
                    -2.697009563446045
                ],
                [
                    0.0,
                    0.0,
                    0.0,
                    1.0
                ]
            ]
        },
        {
            "file_path": "images/0033.png",
            "transform_matrix": [
                [
                    -0.1808064728975296,
                    0.844197154045105,
                    0.504618763923645,
                    2.01847505569458
                ],
                [
                    0.983518660068512,
                    0.15519411861896515,
                    0.09276726841926575,
                    0.371069073677063
                ],
                [
                    0.0,
                    0.5130749344825745,
                    -0.8583438396453857,
                    -3.433375358581543
                ],
                [
                    0.0,
                    0.0,
                    0.0,
                    1.0
                ]
            ]
        },
        {
            "file_path": "images/0035.png",
            "transform_matrix": [
                [
                    0.880210816860199,
                    -0.4719456136226654,
                    0.049961529672145844,
                    0.19984611868858337
                ],
                [
                    0.474582701921463,
                    0.87531977891922,
                    -0.09266388416290283,
                    -0.37065553665161133
                ],
                [
                    0.0,
                    0.10527481883764267,
                    0.9944431781768799,
                    3.9777727127075195
                ],
                [
                    0.0,
                    0.0,
                    0.0,
                    1.0
                ]
            ]
        },
        {
            "file_path": "images/0038.png",
            "transform_matrix": [
                [
                    -0.9683502912521362,
                    0.187636137008667,
                    0.16459158062934875,
                    0.658366322517395
                ],
                [
                    0.2495950609445572,
                    0.7279691100120544,
                    0.6385635137557983,
                    2.5542540550231934
                ],
                [
                    7.450580152834618e-09,
                    0.65943443775177,
                    -0.7517620921134949,
                    -3.0070483684539795
                ],
                [
                    0.0,
                    0.0,
                    0.0,
                    1.0
                ]
            ]
        },
        {
            "file_path": "images/0040.png",
            "transform_matrix": [
                [
                    -0.6798580288887024,
                    0.08862372487783432,
                    -0.7279689908027649,
                    -2.9118759632110596
                ],
                [
                    -0.7333436608314514,
                    -0.08216004818677902,
                    0.6748753190040588,
                    2.6995012760162354
                ],
                [
                    -3.725290076417309e-09,
                    0.9926709532737732,
                    0.12084881961345673,
                    0.4833952784538269
                ],
                [
                    0.0,
                    0.0,
                    0.0,
                    1.0
                ]
            ]
        },
        {
            "file_path": "images/0041.png",
            "transform_matrix": [
                [
                    0.7682124972343445,
                    0.6323062777519226,
                    -0.10019128769636154,
                    -0.4007650911808014
                ],
                [
                    -0.6401948928833008,
                    0.7587464451789856,
                    -0.12022620439529419,
                    -0.480904757976532
                ],
                [
                    0.0,
                    0.15650154650211334,
                    0.9876778721809387,
                    3.9507110118865967
                ],
                [
                    0.0,
                    0.0,
                    0.0,
                    1.0
                ]
            ]
        },
        {
            "file_path": "images/0042.png",
            "transform_matrix": [
                [
                    0.23986651003360748,
                    -0.32181257009506226,
                    -0.9159152507781982,
                    -3.663661003112793
                ],
                [
                    -0.970805823802948,
                    -0.07951337844133377,
                    -0.22630414366722107,
                    -0.9052165746688843
                ],
                [
                    0.0,
                    0.9434587359428406,
                    -0.33149009943008423,
                    -1.325960397720337
                ],
                [
                    0.0,
                    0.0,
                    0.0,
                    1.0
                ]
            ]
        },
        {
            "file_path": "images/0043.png",
            "transform_matrix": [
                [
                    0.5435712337493896,
                    0.8103440999984741,
                    0.2187982052564621,
                    0.8751928210258484
                ],
                [
                    0.8393630385398865,
                    -0.5247786045074463,
                    -0.14169365167617798,
                    -0.5667746067047119
                ],
                [
                    0.0,
                    0.26067155599594116,
                    -0.9654275178909302,
                    -3.8617100715637207
                ],
                [
                    0.0,
                    0.0,
                    0.0,
                    1.0
                ]
            ]
        },
        {
            "file_path": "images/0045.png",
            "transform_matrix": [
                [
                    0.6457707285881042,
                    0.6176940202713013,
                    0.44881418347358704,
                    1.7952567338943481
                ],
                [
                    0.7635312676429749,
                    -0.522426187992096,
                    -0.3795929551124573,
                    -1.518371820449829
                ],
                [
                    -1.4901160305669237e-08,
                    0.5878137350082397,
                    -0.808996319770813,
                    -3.235985279083252
                ],
                [
                    0.0,
                    0.0,
                    0.0,
                    1.0
                ]
            ]
        },
        {
            "file_path": "images/0047.png",
            "transform_matrix": [
                [
                    0.29798832535743713,
                    0.6451320648193359,
                    -0.7035677433013916,
                    -2.8142709732055664
                ],
                [
                    -0.9545694589614868,
                    0.20139113068580627,
                    -0.21963302791118622,
                    -0.8785321116447449
                ],
                [
                    0.0,
                    0.7370524406433105,
                    0.6758356094360352,
                    2.7033424377441406
                ],
                [
                    0.0,
                    0.0,
                    0.0,
                    1.0
                ]
            ]
        },
        {
            "file_path": "images/0049.png",
            "transform_matrix": [
                [
                    -0.015477578155696392,
                    -0.10143551975488663,
                    -0.9947217106819153,
                    -3.978886842727661
                ],
                [
                    -0.9998802542686462,
                    0.0015701642259955406,
                    0.015397726558148861,
                    0.061590906232595444
                ],
                [
                    1.1641532182693481e-10,
                    0.9948408603668213,
                    -0.1014476791024208,
                    -0.4057907164096832
                ],
                [
                    0.0,
                    0.0,
                    0.0,
                    1.0
                ]
            ]
        },
        {
            "file_path": "images/0050.png",
            "transform_matrix": [
                [
                    0.9991706609725952,
                    -0.04071391746401787,
                    -0.0005651246756315231,
                    -0.0022604987025260925
                ],
                [
                    -0.04071783646941185,
                    -0.9990745186805725,
                    -0.013867534697055817,
                    -0.05547013878822327
                ],
                [
                    0.0,
                    0.013880077749490738,
                    -0.999903678894043,
                    -3.999614715576172
                ],
                [
                    0.0,
                    0.0,
                    0.0,
                    1.0
                ]
            ]
        },
        {
            "file_path": "images/0051.png",
            "transform_matrix": [
                [
                    0.1355815827846527,
                    -0.9331952333450317,
                    0.33281269669532776,
                    1.331250786781311
                ],
                [
                    0.9907662272453308,
                    0.12770327925682068,
                    -0.04554381221532822,
                    -0.18217524886131287
                ],
                [
                    -7.450580596923828e-09,
                    0.33591440320014954,
                    0.9418925046920776,
                    3.7675700187683105
                ],
                [
                    0.0,
                    0.0,
                    0.0,
                    1.0
                ]
            ]
        },
        {
            "file_path": "images/0053.png",
            "transform_matrix": [
                [
                    0.5163618326187134,
                    -0.5562581419944763,
                    0.65111243724823,
                    2.604449510574341
                ],
                [
                    0.8563703894615173,
                    0.33540451526641846,
                    -0.392598420381546,
                    -1.570393443107605
                ],
                [
                    1.4901158529312397e-08,
                    0.7603161931037903,
                    0.649553120136261,
                    2.598212242126465
                ],
                [
                    0.0,
                    0.0,
                    0.0,
                    1.0
                ]
            ]
        },
        {
            "file_path": "images/0055.png",
            "transform_matrix": [
                [
                    -0.2125033140182495,
                    -0.9090912342071533,
                    -0.35832294821739197,
                    -1.4332916736602783
                ],
                [
                    -0.9771603345870972,
                    0.19770030677318573,
                    0.07792457938194275,
                    0.3116982877254486
                ],
                [
                    7.450580152834618e-09,
                    0.36669832468032837,
                    -0.930340051651001,
                    -3.7213597297668457
                ],
                [
                    0.0,
                    0.0,
                    0.0,
                    1.0
                ]
            ]
        },
        {
            "file_path": "images/0056.png",
            "transform_matrix": [
                [
                    0.2642712891101837,
                    -0.8153272271156311,
                    -0.515172004699707,
                    -2.060688018798828
                ],
                [
                    -0.9644483923912048,
                    -0.22341015934944153,
                    -0.14116376638412476,
                    -0.564655065536499
                ],
                [
                    0.0,
                    0.5341623425483704,
                    -0.8453819155693054,
                    -3.3815276622772217
                ],
                [
                    0.0,
                    0.0,
                    0.0,
                    1.0
                ]
            ]
        },
        {
            "file_path": "images/0057.png",
            "transform_matrix": [
                [
                    0.48591718077659607,
                    0.2400190830230713,
                    -0.8404018878936768,
                    -3.361607551574707
                ],
                [
                    -0.8740049004554749,
                    0.1334424912929535,
                    -0.4672350287437439,
                    -1.8689401149749756
                ],
                [
                    0.0,
                    0.9615529179573059,
                    0.27461984753608704,
                    1.0984793901443481
                ],
                [
                    0.0,
                    0.0,
                    0.0,
                    1.0
                ]
            ]
        },
        {
            "file_path": "images/0059.png",
            "transform_matrix": [
                [
                    0.9347609877586365,
                    0.31350213289260864,
                    0.16714738309383392,
                    0.6685895323753357
                ],
                [
                    0.3552771210670471,
                    -0.8248478174209595,
                    -0.4397773742675781,
                    -1.7591094970703125
                ],
                [
                    1.4901161193847656e-08,
                    0.4704703688621521,
                    -0.882415771484375,
                    -3.5296630859375
                ],
                [
                    0.0,
                    0.0,
                    0.0,
                    1.0
                ]
            ]
        },
        {
            "file_path": "images/0061.png",
            "transform_matrix": [
                [
                    0.437163382768631,
                    -0.41821399331092834,
                    0.7962318658828735,
                    3.184927463531494
                ],
                [
                    0.8993820548057556,
                    0.20328164100646973,
                    -0.3870251178741455,
                    -1.548100471496582
                ],
                [
                    0.0,
                    0.8853098750114441,
                    0.46500149369239807,
                    1.8600059747695923
                ],
                [
                    0.0,
                    0.0,
                    0.0,
                    1.0
                ]
            ]
        },
        {
            "file_path": "images/0062.png",
            "transform_matrix": [
                [
                    -0.33791470527648926,
                    -0.2573993504047394,
                    -0.905295193195343,
                    -3.621180295944214
                ],
                [
                    -0.9411766529083252,
                    0.09241519868373871,
                    0.3250320255756378,
                    1.3001279830932617
                ],
                [
                    0.0,
                    0.9618757963180542,
                    -0.27348676323890686,
                    -1.093946933746338
                ],
                [
                    0.0,
                    0.0,
                    0.0,
                    1.0
                ]
            ]
        },
        {
            "file_path": "images/0063.png",
            "transform_matrix": [
                [
                    0.14924240112304688,
                    0.6758880019187927,
                    0.7217355966567993,
                    2.8869423866271973
                ],
                [
                    0.988800585269928,
                    -0.10201364010572433,
                    -0.10893354564905167,
                    -0.43573418259620667
                ],
                [
                    0.0,
                    0.729910135269165,
                    -0.6835431456565857,
                    -2.7341725826263428
                ],
                [
                    0.0,
                    0.0,
                    0.0,
                    1.0
                ]
            ]
        },
        {
            "file_path": "images/0065.png",
            "transform_matrix": [
                [
                    -0.4303726851940155,
                    0.8274809718132019,
                    0.36063066124916077,
                    1.4425225257873535
                ],
                [
                    0.9026512503623962,
                    0.3945324122905731,
                    0.17194411158561707,
                    0.6877763867378235
                ],
                [
                    -1.4901160305669237e-08,
                    0.39952385425567627,
                    -0.9167229533195496,
                    -3.66689133644104
                ],
                [
                    0.0,
                    0.0,
                    0.0,
                    1.0
                ]
            ]
        },
        {
            "file_path": "images/0066.png",
            "transform_matrix": [
                [
                    0.45283547043800354,
                    0.0894860178232193,
                    -0.8870920538902283,
                    -3.548368215560913
                ],
                [
                    -0.8915940523147583,
                    0.045449431985616684,
                    -0.45054891705513,
                    -1.80219566822052
                ],
                [
                    0.0,
                    0.994950532913208,
                    0.10036631673574448,
                    0.4014652669429779
                ],
                [
                    0.0,
                    0.0,
                    0.0,
                    1.0
                ]
            ]
        },
        {
            "file_path": "images/0067.png",
            "transform_matrix": [
                [
                    -0.9986302256584167,
                    -0.04874417185783386,
                    0.01901494897902012,
                    0.07605979591608047
                ],
                [
                    0.05232171714305878,
                    -0.9303479194641113,
                    0.36292582750320435,
                    1.4517033100128174
                ],
                [
                    0.0,
                    0.3634236454963684,
                    0.9316239953041077,
                    3.7264959812164307
                ],
                [
                    0.0,
                    0.0,
                    0.0,
                    1.0
                ]
            ]
        },
        {
            "file_path": "images/0068.png",
            "transform_matrix": [
                [
                    0.9158501029014587,
                    0.3308977484703064,
                    -0.22743189334869385,
                    -0.9097275733947754
                ],
                [
                    -0.401520311832428,
                    0.754763126373291,
                    -0.5187620520591736,
                    -2.0750482082366943
                ],
                [
                    1.4901160305669237e-08,
                    0.5664268136024475,
                    0.824112057685852,
                    3.296448230743408
                ],
                [
                    0.0,
                    0.0,
                    0.0,
                    1.0
                ]
            ]
        },
        {
            "file_path": "images/0069.png",
            "transform_matrix": [
                [
                    0.5370503664016724,
                    0.2306516319513321,
                    0.8114041090011597,
                    3.2456164360046387
                ],
                [
                    0.8435500860214233,
                    -0.1468455195426941,
                    -0.5165845155715942,
                    -2.066338062286377
                ],
                [
                    -7.450580152834618e-09,
                    0.9618920087814331,
                    -0.27342966198921204,
                    -1.0937186479568481
                ],
                [
                    0.0,
                    0.0,
                    0.0,
                    1.0
                ]
            ]
        },
        {
            "file_path": "images/0071.png",
            "transform_matrix": [
                [
                    0.44516029953956604,
                    -0.7426219582557678,
                    -0.5003448128700256,
                    -2.0013792514801025
                ],
                [
                    -0.8954508304595947,
                    -0.36918365955352783,
                    -0.2487391084432602,
                    -0.9949564337730408
                ],
                [
                    0.0,
                    0.5587629675865173,
                    -0.829327404499054,
                    -3.317309617996216
                ],
                [
                    0.0,
                    0.0,
                    0.0,
                    1.0
                ]
            ]
        },
        {
            "file_path": "images/0072.png",
            "transform_matrix": [
                [
                    0.9825037717819214,
                    0.18622547388076782,
                    0.0025046607479453087,
                    0.010018642991781235
                ],
                [
                    0.18624228239059448,
                    -0.9824150800704956,
                    -0.013213103637099266,
                    -0.052852414548397064
                ],
                [
                    0.0,
                    0.013446991331875324,
                    -0.9999095797538757,
                    -3.999638319015503
                ],
                [
                    0.0,
                    0.0,
                    0.0,
                    1.0
                ]
            ]
        },
        {
            "file_path": "images/0073.png",
            "transform_matrix": [
                [
                    -0.7715997099876404,
                    -0.6331790685653687,
                    -0.06097644567489624,
                    -0.24390578269958496
                ],
                [
                    -0.6361083388328552,
                    0.768046498298645,
                    0.07396445423364639,
                    0.29585781693458557
                ],
                [
                    0.0,
                    0.09585881978273392,
                    -0.9953949451446533,
                    -3.9815797805786133
                ],
                [
                    0.0,
                    0.0,
                    0.0,
                    1.0
                ]
            ]
        },
        {
            "file_path": "images/0074.png",
            "transform_matrix": [
                [
                    -0.303962379693985,
                    -0.878135085105896,
                    -0.3694397807121277,
                    -1.4777591228485107
                ],
                [
                    -0.9526839256286621,
                    0.28017690777778625,
                    0.11787309497594833,
                    0.47149237990379333
                ],
                [
                    -7.4505792646561986e-09,
                    0.3877882957458496,
                    -0.9217484593391418,
