{
    "focal": 1.7361110664350143,
    "frames": [
        {
            "file_path": "images/0001.png",
            "transform_matrix": [
                [
                    -0.272744745016098,
                    0.910855233669281,
                    -0.30976298451423645,
                    -1.2390519380569458
                ],
                [
                    -0.9620864391326904,
                    -0.2582210898399353,
                    0.08781563490629196,
                    0.35126253962516785
                ],
                [
                    0.0,
                    0.32197004556655884,
                    0.9467498660087585,
                    3.786999464035034
                ],
                [
                    0.0,
                    0.0,
                    0.0,
                    1.0
                ]
            ]
        },
        {
            "file_path": "images/0002.png",
            "transform_matrix": [
                [
                    0.9971420764923096,
                    -0.07264991104602814,
                    -0.02072574570775032,
                    -0.08290298283100128
                ],
                [
                    -0.07554841786623001,
                    -0.9588854312896729,
                    -0.2735532224178314,
                    -1.0942128896713257
                ],
                [
                    1.8626448161640496e-09,
                    0.27433711290359497,
                    -0.961633563041687,
                    -3.846534252166748
                ],
                [
                    0.0,
                    0.0,
                    0.0,
                    1.0
                ]
            ]
        },
        {
            "file_path": "images/0003.png",
            "transform_matrix": [
                [
                    -0.996160089969635,
                    -0.06979195773601532,
                    0.05285944044589996,
                    0.21143776178359985
                ],
                [
                    0.08755019307136536,
                    -0.7941039800643921,
                    0.6014431118965149,
                    2.4057724475860596
                ],
                [
                    0.0,
                    0.6037613749504089,
                    0.797165036201477,
                    3.188660144805908
                ],
                [
                    0.0,
                    0.0,
                    0.0,
                    1.0
                ]
            ]
        },
        {
            "file_path": "images/0004.png",
            "transform_matrix": [
                [
                    -0.6977230310440063,
                    0.03695093095302582,
                    0.7154139876365662,
                    2.8616559505462646
                ],
                [
                    0.7163675427436829,
                    0.03598923236131668,
                    0.6967942714691162,
                    2.787177085876465
                ],
                [
                    -3.725290076417309e-09,
                    0.9986687898635864,
                    -0.051580969244241714,
                    -0.20632387697696686
                ],
                [
                    0.0,
                    0.0,
                    0.0,
                    1.0
                ]
            ]
        },
        {
            "file_path": "images/0005.png",
            "transform_matrix": [
                [
                    -0.9631511569023132,
                    0.11749709397554398,
                    -0.24193857610225677,
                    -0.9677543044090271
                ],
                [
                    -0.2689606249332428,
                    -0.4207584261894226,
                    0.866384744644165,
                    3.46553897857666
                ],
                [
                    0.0,
                    0.8995314240455627,
                    0.4368560314178467,
                    1.7474241256713867
                ],
                [
                    0.0,
                    0.0,
                    0.0,
                    1.0
                ]
            ]
        },
        {
            "file_path": "images/0007.png",
            "transform_matrix": [
                [
                    0.98930823802948,
                    0.14176587760448456,
                    -0.0342281311750412,
                    -0.1369125247001648
                ],
                [
                    -0.1458393931388855,
                    0.9616753458976746,
                    -0.23218809068202972,
                    -0.9287523627281189
                ],
                [
                    0.0,
                    0.23469732701778412,
                    0.9720684885978699,
                    3.8882739543914795
                ],
                [
                    0.0,
                    0.0,
                    0.0,
                    1.0
                ]
            ]
        },
        {
            "file_path": "images/0008.png",
            "transform_matrix": [
                [
                    -0.23034439980983734,
                    -0.6807553172111511,
                    -0.6953514814376831,
                    -2.7814059257507324
                ],
                [
                    -0.9731090664863586,
                    0.16114142537117004,
                    0.16459648311138153,
                    0.6583859324455261
                ],
                [
                    0.0,
                    0.7145668268203735,
                    -0.6995672583580017,
                    -2.798269033432007
                ],
                [
                    0.0,
                    0.0,
                    0.0,
                    1.0
                ]
            ]
        },
        {
            "file_path": "images/0010.png",
            "transform_matrix": [
                [
                    0.2947635352611542,
                    0.8889688849449158,
                    0.35049787163734436,
                    1.4019914865493774
                ],
                [
                    0.9555701613426208,
                    -0.2742191255092621,
                    -0.10811764746904373,
                    -0.4324705898761749
                ],
                [
                    -7.450580152834618e-09,
                    0.3667944371700287,
                    -0.9303020238876343,
                    -3.721208095550537
                ],
                [
                    0.0,
                    0.0,
                    0.0,
                    1.0
                ]
            ]
        },
        {
            "file_path": "images/0011.png",
            "transform_matrix": [
                [
                    0.15909819304943085,
                    0.5421723127365112,
                    0.8250678181648254,
                    3.3002712726593018
                ],
                [
                    0.9872627854347229,
                    -0.08737151324748993,
                    -0.13296034932136536,
                    -0.5318413972854614
                ],
                [
                    0.0,
                    0.8357124924659729,
                    -0.5491672158241272,
                    -2.196668863296509
                ],
                [
                    0.0,
                    0.0,
                    0.0,
                    1.0
                ]
            ]
        },
        {
            "file_path": "images/0013.png",
            "transform_matrix": [
                [
                    0.6219445466995239,
                    -0.22984939813613892,
                    -0.7485681176185608,
                    -2.994272470474243
                ],
                [
                    -0.7830613255500793,
                    -0.18255731463432312,
                    -0.5945484042167664,
                    -2.3781936168670654
                ],
                [
                    1.4901161193847656e-08,
                    0.955950915813446,
                    -0.29352667927742004,
                    -1.1741067171096802
                ],
                [
                    0.0,
                    0.0,
                    0.0,
                    1.0
                ]
            ]
        },
        {
            "file_path": "images/0014.png",
            "transform_matrix": [
                [
                    0.21665818989276886,
                    -0.9736312031745911,
                    0.07142536342144012,
                    0.2857014536857605
                ],
                [
                    0.9762474894523621,
                    0.21607756614685059,
                    -0.015851400792598724,
                    -0.0634056031703949
                ],
                [
                    0.0,
                    0.07316242903470993,
                    0.9973199963569641,
                    3.9892799854278564
                ],
                [
                    0.0,
                    0.0,
                    0.0,
                    1.0
                ]
            ]
        },
        {
            "file_path": "images/0018.png",
            "transform_matrix": [
                [
                    -0.8969907760620117,
                    -0.09618975967168808,
                    0.43145689368247986,
                    1.7258275747299194
                ],
                [
                    0.44204920530319214,
                    -0.19518491625785828,
                    0.8754972219467163,
                    3.5019888877868652
                ],
                [
                    7.450580152834618e-09,
                    0.9760380983352661,
                    0.21759966015815735,
                    0.8703986406326294
                ],
                [
                    0.0,
                    0.0,
                    0.0,
                    1.0
                ]
            ]
        },
        {
            "file_path": "images/0021.png",
            "transform_matrix": [
                [
                    0.25957122445106506,
                    -0.6138507127761841,
                    0.7455267310142517,
                    2.982106924057007
                ],
                [
                    0.9657239317893982,
                    0.1649933159351349,
                    -0.20038573443889618,
                    -0.8015429377555847
                ],
                [
                    0.0,
                    0.7719874382019043,
                    0.6356378197669983,
                    2.542551279067993
                ],
                [
                    0.0,
                    0.0,
                    0.0,
                    1.0
                ]
            ]
        },
        {
            "file_path": "images/0022.png",
            "transform_matrix": [
                [
                    -0.45474475622177124,
                    0.8445882201194763,
                    -0.28262677788734436,
                    -1.130506992340088
                ],
                [
                    -0.8906218409538269,
                    -0.4312403202056885,
                    0.14430707693099976,
                    0.5772282481193542
                ],
                [
                    -7.450580152834618e-09,
                    0.3173366189002991,
                    0.9483131170272827,
                    3.7932519912719727
                ],
                [
                    0.0,
                    0.0,
                    0.0,
                    1.0
                ]
            ]
        },
        {
            "file_path": "images/0024.png",
            "transform_matrix": [
                [
                    0.6983349323272705,
                    -0.64136803150177,
                    0.31776610016822815,
                    1.2710644006729126
                ],
                [
                    0.7157710194587708,
                    0.6257444024085999,
                    -0.3100253641605377,
                    -1.2401014566421509
                ],
                [
                    0.0,
                    0.443949431180954,
                    0.8960518836975098,
                    3.584207534790039
                ],
                [
                    0.0,
                    0.0,
                    0.0,
                    1.0
                ]
            ]
        },
        {
            "file_path": "images/0025.png",
            "transform_matrix": [
                [
                    0.9998551607131958,
                    0.004978344310075045,
                    -0.016274234279990196,
                    -0.06509693711996078
                ],
                [
                    -0.017018653452396393,
                    0.2924804091453552,
                    -0.9561200737953186,
                    -3.8244802951812744
                ],
                [
                    -4.6566125955216364e-10,
                    0.9562585949897766,
                    0.2925227880477905,
                    1.170091152191162
                ],
                [
                    0.0,
                    0.0,
                    0.0,
                    1.0
                ]
            ]
        },
        {
            "file_path": "images/0026.png",
            "transform_matrix": [
                [
                    -0.8034309148788452,
                    0.1791086345911026,
                    0.5678192973136902,
                    2.2712771892547607
                ],
                [
                    0.5953978300094604,
                    0.2416895180940628,
                    0.7662163972854614,
                    3.0648655891418457
                ],
                [
                    0.0,
                    0.9536803364753723,
                    -0.3008217513561249,
                    -1.2032870054244995
                ],
                [
                    0.0,
                    0.0,
                    0.0,
                    1.0
                ]
            ]
        },
        {
            "file_path": "images/0028.png",
            "transform_matrix": [
                [
                    0.29775574803352356,
                    -0.5407078266143799,
                    -0.7867506742477417,
                    -3.147002696990967
                ],
                [
                    -0.9546420574188232,
                    -0.16864840686321259,
                    -0.245389923453331,
                    -0.981559693813324
                ],
                [
                    0.0,
                    0.8241315484046936,
                    -0.5663984417915344,
                    -2.2655937671661377
                ],
                [
                    0.0,
                    0.0,
                    0.0,
                    1.0
                ]
            ]
        },
        {
            "file_path": "images/0030.png",
            "transform_matrix": [
                [
                    -0.07706999778747559,
                    -0.7585555911064148,
                    0.6470344662666321,
                    2.5881378650665283
                ],
                [
                    0.997025728225708,
                    -0.05863628536462784,
                    0.050015710294246674,
                    0.2000628411769867
                ],
                [
                    0.0,
                    0.6489646434783936,
                    0.7608185410499573,
                    3.043274164199829
                ],
                [
                    0.0,
                    0.0,
                    0.0,
                    1.0
                ]
            ]
        },
        {
            "file_path": "images/0032.png",
            "transform_matrix": [
                [
                    -0.4276454746723175,
                    0.6094881296157837,
                    0.6675654053688049,
                    2.6702616214752197
                ],
                [
                    0.9039465188980103,
                    0.2883410155773163,
                    0.31581664085388184,
                    1.2632665634155273
                ],
                [
                    1.4901160305669237e-08,
                    0.7385010123252869,
                    -0.6742523908615112,
                    -2.697009563446045
                ],
                [
                    0.0,
                    0.0,
                    0.0,
                    1.0
                ]
            ]
        },
        {
            "file_path": "images/0034.png",
            "transform_matrix": [
                [
                    -0.3012060821056366,
                    -0.003241037717089057,
                    0.9535535573959351,
                    3.8142142295837402
                ],
                [
                    0.9535590410232544,
                    -0.00102376495487988,
                    0.3012043535709381,
                    1.2048174142837524
                ],
                [
                    5.8207657444020455e-11,
                    0.9999942779541016,
                    0.0033988850191235542,
                    0.013595540076494217
                ],
                [
                    0.0,
                    0.0,
                    0.0,
                    1.0
                ]
            ]
        },
        {
            "file_path": "images/0035.png",
            "transform_matrix": [
                [
                    0.880210816860199,
                    -0.4719456136226654,
                    0.049961529672145844,
                    0.19984611868858337
                ],
                [
                    0.474582701921463,
                    0.87531977891922,
                    -0.09266388416290283,
                    -0.37065553665161133
                ],
                [
                    0.0,
                    0.10527481883764267,
                    0.9944431781768799,
                    3.9777727127075195
                ],
                [
                    0.0,
                    0.0,
                    0.0,
                    1.0
                ]
            ]
        },
        {
            "file_path": "images/0036.png",
            "transform_matrix": [
                [
                    0.9101178050041199,
                    0.3475935161113739,
                    -0.22553102672100067,
                    -0.9021241068840027
                ],
                [
                    -0.4143495261669159,
                    0.7634884715080261,
                    -0.49537843465805054,
                    -1.9815137386322021
                ],
                [
                    0.0,
                    0.5443013906478882,
                    0.8388897180557251,
                    3.3555588722229004
                ],
                [
                    0.0,
                    0.0,
                    0.0,
                    1.0
                ]
            ]
        },
        {
            "file_path": "images/0037.png",
            "transform_matrix": [
                [
                    0.768401026725769,
                    -0.5773738026618958,
                    -0.2760421633720398,
                    -1.1041686534881592
                ],
                [
                    -0.6399684548377991,
                    -0.6932445168495178,
                    -0.33143991231918335,
                    -1.3257596492767334
                ],
                [
                    0.0,
                    0.43133705854415894,
                    -0.9021908640861511,
                    -3.6087634563446045
                ],
                [
                    0.0,
                    0.0,
                    0.0,
                    1.0
                ]
            ]
        },
        {
            "file_path": "images/0038.png",
            "transform_matrix": [
                [
                    -0.9683502912521362,
                    0.187636137008667,
                    0.16459158062934875,
                    0.658366322517395
                ],
                [
                    0.2495950609445572,
                    0.7279691100120544,
                    0.6385635137557983,
                    2.5542540550231934
                ],
                [
                    7.450580152834618e-09,
                    0.65943443775177,
                    -0.7517620921134949,
                    -3.0070483684539795
                ],
                [
                    0.0,
                    0.0,
                    0.0,
                    1.0
                ]
            ]
        },
        {
            "file_path": "images/0039.png",
            "transform_matrix": [
                [
                    0.2571594715118408,
                    -0.6955277323722839,
                    0.6709025502204895,
                    2.683610200881958
                ],
                [
                    0.9663689732551575,
                    0.185086190700531,
                    -0.17853322625160217,
                    -0.7141329050064087
                ],
                [
                    1.4901160305669237e-08,
                    0.6942508816719055,
                    0.7197330594062805,
                    2.878932237625122
                ],
                [
                    0.0,
                    0.0,
                    0.0,
                    1.0
                ]
            ]
        },
        {
            "file_path": "images/0041.png",
            "transform_matrix": [
                [
                    0.7682124972343445,
                    0.6323062777519226,
                    -0.10019128769636154,
                    -0.4007650911808014
                ],
                [
                    -0.6401948928833008,
                    0.7587464451789856,
                    -0.12022620439529419,
                    -0.480904757976532
                ],
                [
                    0.0,
                    0.15650154650211334,
                    0.9876778721809387,
                    3.9507110118865967
                ],
                [
                    0.0,
                    0.0,
                    0.0,
                    1.0
                ]
            ]
        },
        {
            "file_path": "images/0044.png",
            "transform_matrix": [
                [
                    -0.990568995475769,
                    -0.1366274654865265,
                    -0.010296680964529514,
                    -0.04118672385811806
                ],
                [
                    -0.13701491057872772,
                    0.9877678751945496,
                    0.0744413286447525,
                    0.29776531457901
                ],
                [
                    9.313225746154785e-10,
                    0.07515016198158264,
                    -0.9971722364425659,
                    -3.9886889457702637
                ],
                [
                    0.0,
                    0.0,
                    0.0,
                    1.0
                ]
            ]
        },
        {
            "file_path": "images/0048.png",
            "transform_matrix": [
                [
                    -0.40798357129096985,
                    0.7806693315505981,
                    0.4733971655368805,
                    1.893588662147522
                ],
                [
                    0.9129891991615295,
                    0.3488543629646301,
                    0.2115449756383896,
                    0.8461799025535583
                ],
                [
                    1.4901160305669237e-08,
                    0.5185133218765259,
                    -0.8550695180892944,
                    -3.4202780723571777
                ],
                [
                    0.0,
                    0.0,
                    0.0,
                    1.0
                ]
            ]
        },
        {
            "file_path": "images/0049.png",
            "transform_matrix": [
                [
                    -0.015477578155696392,
                    -0.10143551975488663,
                    -0.9947217106819153,
                    -3.978886842727661
                ],
                [
                    -0.9998802542686462,
                    0.0015701642259955406,
                    0.015397726558148861,
                    0.061590906232595444
                ],
                [
                    1.1641532182693481e-10,
                    0.9948408603668213,
                    -0.1014476791024208,
                    -0.4057907164096832
                ],
                [
                    0.0,
                    0.0,
                    0.0,
                    1.0
                ]
            ]
        },
        {
            "file_path": "images/0050.png",
            "transform_matrix": [
                [
                    0.9991706609725952,
                    -0.04071391746401787,
                    -0.0005651246756315231,
                    -0.0022604987025260925
                ],
                [
                    -0.04071783646941185,
                    -0.9990745186805725,
                    -0.013867534697055817,
                    -0.05547013878822327
                ],
                [
                    0.0,
                    0.013880077749490738,
                    -0.999903678894043,
                    -3.999614715576172
                ],
                [
                    0.0,
                    0.0,
                    0.0,
                    1.0
                ]
            ]
        },
        {
            "file_path": "images/0052.png",
            "transform_matrix": [
                [
                    -0.6713446378707886,
                    -0.5714733004570007,
                    0.4719264805316925,
                    1.88770592212677
                ],
                [
                    0.7411452531814575,
                    -0.5176522731781006,
                    0.42748069763183594,
                    1.7099227905273438
                ],
                [
                    0.0,
                    0.6367529630661011,
                    0.7710678577423096,
                    3.0842714309692383
                ],
                [
                    0.0,
                    0.0,
                    0.0,
                    1.0
                ]
            ]
        },
        {
            "file_path": "images/0053.png",
            "transform_matrix": [
                [
                    0.5163618326187134,
                    -0.5562581419944763,
                    0.65111243724823,
                    2.604449510574341
                ],
                [
                    0.8563703894615173,
                    0.33540451526641846,
                    -0.392598420381546,
                    -1.570393443107605
                ],
                [
                    1.4901158529312397e-08,
                    0.7603161931037903,
                    0.649553120136261,
                    2.598212242126465
                ],
                [
                    0.0,
                    0.0,
                    0.0,
                    1.0
                ]
            ]
        },
        {
            "file_path": "images/0054.png",
            "transform_matrix": [
                [
                    0.5376284718513489,
                    0.8029443621635437,
                    -0.2573632001876831,
                    -1.0294528007507324
                ],
                [
                    -0.8431817889213562,
                    0.5119723677635193,
                    -0.1640995889902115,
                    -0.656398355960846
                ],
                [
                    1.4901161193847656e-08,
                    0.3052286207675934,
                    0.9522790908813477,
                    3.8091163635253906
                ],
                [
                    0.0,
                    0.0,
                    0.0,
                    1.0
                ]
            ]
        },
        {
            "file_path": "images/0055.png",
            "transform_matrix": [
                [
                    -0.2125033140182495,
                    -0.9090912342071533,
                    -0.35832294821739197,
                    -1.4332916736602783
                ],
                [
                    -0.9771603345870972,
                    0.19770030677318573,
                    0.07792457938194275,
                    0.3116982877254486
                ],
                [
                    7.450580152834618e-09,
                    0.36669832468032837,
                    -0.930340051651001,
                    -3.7213597297668457
                ],
                [
                    0.0,
                    0.0,
                    0.0,
                    1.0
                ]
            ]
        },
        {
            "file_path": "images/0056.png",
            "transform_matrix": [
                [
                    0.2642712891101837,
                    -0.8153272271156311,
                    -0.515172004699707,
                    -2.060688018798828
                ],
                [
                    -0.9644483923912048,
                    -0.22341015934944153,
                    -0.14116376638412476,
                    -0.564655065536499
                ],
                [
                    0.0,
                    0.5341623425483704,
                    -0.8453819155693054,
                    -3.3815276622772217
                ],
                [
                    0.0,
                    0.0,
                    0.0,
                    1.0
                ]
            ]
        },
        {
            "file_path": "images/0058.png",
            "transform_matrix": [
                [
                    0.9868747591972351,
                    0.14723849296569824,
                    -0.06632453203201294,
                    -0.26529812812805176
                ],
                [
                    -0.1614871770143509,
                    0.8997986316680908,
                    -0.4053201377391815,
                    -1.621280550956726
                ],
                [
                    -3.725290076417309e-09,
                    0.4107106626033783,
                    0.9117656946182251,
                    3.6470627784729004
                ],
                [
                    0.0,
                    0.0,
                    0.0,
                    1.0
                ]
            ]
        },
        {
            "file_path": "images/0059.png",
            "transform_matrix": [
                [
                    0.9347609877586365,
                    0.31350213289260864,
                    0.16714738309383392,
                    0.6685895323753357
                ],
                [
                    0.3552771210670471,
                    -0.8248478174209595,
                    -0.4397773742675781,
                    -1.7591094970703125
                ],
                [
                    1.4901161193847656e-08,
                    0.4704703688621521,
                    -0.882415771484375,
                    -3.5296630859375
                ],
                [
                    0.0,
                    0.0,
                    0.0,
                    1.0
                ]
            ]
        },
        {
            "file_path": "images/0061.png",
            "transform_matrix": [
                [
                    0.437163382768631,
                    -0.41821399331092834,
                    0.7962318658828735,
                    3.184927463531494
                ],
                [
                    0.8993820548057556,
                    0.20328164100646973,
                    -0.3870251178741455,
                    -1.548100471496582
                ],
                [
                    0.0,
                    0.8853098750114441,
                    0.46500149369239807,
                    1.8600059747695923
                ],
                [
                    0.0,
                    0.0,
                    0.0,
                    1.0
                ]
            ]
        },
        {
            "file_path": "images/0067.png",
            "transform_matrix": [
                [
                    -0.9986302256584167,
                    -0.04874417185783386,
                    0.01901494897902012,
                    0.07605979591608047
                ],
                [
                    0.05232171714305878,
                    -0.9303479194641113,
                    0.36292582750320435,
                    1.4517033100128174
                ],
                [
                    0.0,
                    0.3634236454963684,
                    0.9316239953041077,
                    3.7264959812164307
                ],
                [
                    0.0,
                    0.0,
                    0.0,
                    1.0
                ]
            ]
        },
        {
            "file_path": "images/0069.png",
            "transform_matrix": [
                [
                    0.5370503664016724,
                    0.2306516319513321,
                    0.8114041090011597,
                    3.2456164360046387
                ],
                [
                    0.8435500860214233,
                    -0.1468455195426941,
                    -0.5165845155715942,
                    -2.066338062286377
                ],
                [
                    -7.450580152834618e-09,
                    0.9618920087814331,
                    -0.27342966198921204,
                    -1.0937186479568481
                ],
                [
                    0.0,
                    0.0,
                    0.0,
                    1.0
                ]
            ]
        },
        {
            "file_path": "images/0071.png",
            "transform_matrix": [
                [
                    0.44516029953956604,
                    -0.7426219582557678,
                    -0.5003448128700256,
                    -2.0013792514801025
                ],
                [
                    -0.8954508304595947,
                    -0.36918365955352783,
                    -0.2487391084432602,
                    -0.9949564337730408
                ],
                [
                    0.0,
                    0.5587629675865173,
                    -0.829327404499054,
                    -3.317309617996216
                ],
                [
                    0.0,
                    0.0,
                    0.0,
                    1.0
                ]
            ]
        },
        {
            "file_path": "images/0072.png",
            "transform_matrix": [
                [
                    0.9825037717819214,
                    0.18622547388076782,
                    0.0025046607479453087,
                    0.010018642991781235
                ],
                [
                    0.18624228239059448,
                    -0.9824150800704956,
                    -0.013213103637099266,
                    -0.052852414548397064
                ],
                [
                    0.0,
                    0.013446991331875324,
                    -0.9999095797538757,
                    -3.999638319015503
                ],
                [
                    0.0,
                    0.0,
                    0.0,
                    1.0
                ]
            ]
        },
        {
            "file_path": "images/0074.png",
            "transform_matrix": [
                [
                    -0.303962379693985,
                    -0.878135085105896,
                    -0.3694397807121277,
                    -1.4777591228485107
                ],
                [
                    -0.9526839256286621,
                    0.28017690777778625,
                    0.11787309497594833,
                    0.47149237990379333
                ],
                [
                    -7.4505792646561986e-09,
                    0.3877882957458496,
                    -0.9217484593391418,
                    -3.6869938373565674
                ],
                [
                    0.0,
                    0.0,
                    0.0,
                    1.0
                ]
            ]
        },
        {
            "file_path": "images/0075.png",
            "transform_matrix": [
                [
                    0.7265699505805969,
                    -0.6537107229232788,
                    0.21156176924705505,
                    0.8462469577789307
                ],
                [
                    0.6870924830436707,
                    0.6912702322006226,
                    -0.22371724247932434,
                    -0.8948688507080078
                ],
                [
                    0.0,
                    0.307908833026886,
                    0.951416015625,
                    3.805663585662842
                ],
                [
                    0.0,
                    0.0,
                    0.0,
                    1.0
                ]
            ]
        },
        {
            "file_path": "images/0078.png",
            "transform_matrix": [
                [
                    -0.7914478182792664,
                    0.3577556908130646,
                    0.4956018626689911,
                    1.9824074506759644
                ],
                [
                    0.6112366914749146,
                    0.46323293447494507,
                    0.6417202949523926,
                    2.5668811798095703
                ],
                [
                    -1.4901160305669237e-08,
                    0.8108181953430176,
                    -0.5852981209754944,
                    -2.3411924839019775
                ],
                [
                    0.0,
                    0.0,
                    0.0,
                    1.0
                ]
            ]
        },
        {
            "file_path": "images/0082.png",
            "transform_matrix": [
                [
                    0.024149149656295776,
                    -0.621445894241333,
                    0.7830848693847656,
                    3.1323394775390625
                ],
                [
                    0.999708354473114,
                    0.015011768788099289,
                    -0.018916349858045578,
                    -0.07566539943218231
                ],
                [
                    -9.313225191043273e-10,
                    0.7833133339881897,
                    0.621627151966095,
                    2.48650860786438
                ],
                [
                    0.0,
                    0.0,
                    0.0,
                    1.0
                ]
            ]
        },
        {
            "file_path": "images/0083.png",
            "transform_matrix": [
                [
                    -0.9932745099067688,
                    -0.09931018203496933,
                    0.05952483415603638,
                    0.2380993366241455
                ],
                [
                    0.11578305810689926,
                    -0.8519577383995056,
                    0.5106489658355713,
                    2.042595863342285
                ],
                [
                    0.0,
                    0.5141065120697021,
                    0.8577263355255127,
