{
    "focal": 1.7361110664350143,
    "frames": [
        {
            "file_path": "images/0001.png",
            "transform_matrix": [
                [
                    -0.272744745016098,
                    0.910855233669281,
                    -0.30976298451423645,
                    -1.2390519380569458
                ],
                [
                    -0.9620864391326904,
                    -0.2582210898399353,
                    0.08781563490629196,
                    0.35126253962516785
                ],
                [
                    0.0,
                    0.32197004556655884,
                    0.9467498660087585,
                    3.786999464035034
                ],
                [
                    0.0,
                    0.0,
                    0.0,
                    1.0
                ]
            ]
        },
        {
            "file_path": "images/0004.png",
            "transform_matrix": [
                [
                    -0.6977230310440063,
                    0.03695093095302582,
                    0.7154139876365662,
                    2.8616559505462646
                ],
                [
                    0.7163675427436829,
                    0.03598923236131668,
                    0.6967942714691162,
                    2.787177085876465
                ],
                [
                    -3.725290076417309e-09,
                    0.9986687898635864,
                    -0.051580969244241714,
                    -0.20632387697696686
                ],
                [
                    0.0,
                    0.0,
                    0.0,
                    1.0
                ]
            ]
        },
        {
            "file_path": "images/0005.png",
            "transform_matrix": [
                [
                    -0.9631511569023132,
                    0.11749709397554398,
                    -0.24193857610225677,
                    -0.9677543044090271
                ],
                [
                    -0.2689606249332428,
                    -0.4207584261894226,
                    0.866384744644165,
                    3.46553897857666
                ],
                [
                    0.0,
                    0.8995314240455627,
                    0.4368560314178467,
                    1.7474241256713867
                ],
                [
                    0.0,
                    0.0,
                    0.0,
                    1.0
                ]
            ]
        },
        {
            "file_path": "images/0006.png",
            "transform_matrix": [
                [
                    -0.8943120241165161,
                    0.2610657215118408,
                    -0.36338767409324646,
                    -1.4535506963729858
                ],
                [
                    -0.4474436938762665,
                    -0.5217956900596619,
                    0.7263080477714539,
                    2.9052321910858154
                ],
                [
                    1.4901160305669237e-08,
                    0.8121415972709656,
                    0.5834603905677795,
                    2.333841562271118
                ],
                [
                    0.0,
                    0.0,
                    0.0,
                    1.0
                ]
            ]
        },
        {
            "file_path": "images/0009.png",
            "transform_matrix": [
                [
                    0.433736652135849,
                    -0.8125873804092407,
                    -0.3893255591392517,
                    -1.5573022365570068
                ],
                [
                    -0.901039719581604,
                    -0.3911580443382263,
                    -0.18741102516651154,
                    -0.7496441006660461
                ],
                [
                    1.4901160305669237e-08,
                    0.43208473920822144,
                    -0.9018329977989197,
                    -3.6073319911956787
                ],
                [
                    0.0,
                    0.0,
                    0.0,
                    1.0
                ]
            ]
        },
        {
            "file_path": "images/0010.png",
            "transform_matrix": [
                [
                    0.2947635352611542,
                    0.8889688849449158,
                    0.35049787163734436,
                    1.4019914865493774
                ],
                [
                    0.9555701613426208,
                    -0.2742191255092621,
                    -0.10811764746904373,
                    -0.4324705898761749
                ],
                [
                    -7.450580152834618e-09,
                    0.3667944371700287,
                    -0.9303020238876343,
                    -3.721208095550537
                ],
                [
                    0.0,
                    0.0,
                    0.0,
                    1.0
                ]
            ]
        },
        {
            "file_path": "images/0011.png",
            "transform_matrix": [
                [
                    0.15909819304943085,
                    0.5421723127365112,
                    0.8250678181648254,
                    3.3002712726593018
                ],
                [
                    0.9872627854347229,
                    -0.08737151324748993,
                    -0.13296034932136536,
                    -0.5318413972854614
                ],
                [
                    0.0,
                    0.8357124924659729,
                    -0.5491672158241272,
                    -2.196668863296509
                ],
                [
                    0.0,
                    0.0,
                    0.0,
                    1.0
                ]
            ]
        },
        {
            "file_path": "images/0012.png",
            "transform_matrix": [
                [
                    0.99839848279953,
                    0.022383183240890503,
                    0.051955386996269226,
                    0.2078215479850769
                ],
                [
                    0.056571800261735916,
                    -0.3950260579586029,
                    -0.9169264435768127,
                    -3.667705774307251
                ],
                [
                    0.0,
                    0.9183971881866455,
                    -0.3956596851348877,
                    -1.5826387405395508
                ],
                [
                    0.0,
                    0.0,
                    0.0,
                    1.0
                ]
            ]
        },
        {
            "file_path": "images/0014.png",
            "transform_matrix": [
                [
                    0.21665818989276886,
                    -0.9736312031745911,
                    0.07142536342144012,
                    0.2857014536857605
                ],
                [
                    0.9762474894523621,
                    0.21607756614685059,
                    -0.015851400792598724,
                    -0.0634056031703949
                ],
                [
                    0.0,
                    0.07316242903470993,
                    0.9973199963569641,
                    3.9892799854278564
                ],
                [
                    0.0,
                    0.0,
                    0.0,
                    1.0
                ]
            ]
        },
        {
            "file_path": "images/0016.png",
            "transform_matrix": [
                [
                    -0.13769014179706573,
                    -0.345392644405365,
                    0.9283024072647095,
                    3.713209629058838
                ],
                [
                    0.9904752969741821,
                    -0.04801448807120323,
                    0.129047229886055,
                    0.51618891954422
                ],
                [
                    3.725290076417309e-09,
                    0.9372291564941406,
                    0.34871402382850647,
                    1.3948560953140259
                ],
                [
                    0.0,
                    0.0,
                    0.0,
                    1.0
                ]
            ]
        },
        {
            "file_path": "images/0017.png",
            "transform_matrix": [
                [
                    0.9081822633743286,
                    -0.22109802067279816,
                    -0.3554161489009857,
                    -1.4216645956039429
                ],
                [
                    -0.41857489943504333,
                    -0.47971653938293457,
                    -0.7711466550827026,
                    -3.0845866203308105
                ],
                [
                    -1.4901160305669237e-08,
                    0.849109947681427,
                    -0.5282161235809326,
                    -2.1128644943237305
                ],
                [
                    0.0,
                    0.0,
                    0.0,
                    1.0
                ]
            ]
        },
        {
            "file_path": "images/0019.png",
            "transform_matrix": [
                [
                    -0.5587546229362488,
                    -0.32335996627807617,
                    -0.763696014881134,
                    -3.054784059524536
                ],
                [
                    -0.8293330073356628,
                    0.21786047518253326,
                    0.5145323872566223,
                    2.0581295490264893
                ],
                [
                    1.4901160305669237e-08,
                    0.920855700969696,
                    -0.38990363478660583,
                    -1.5596145391464233
                ],
                [
                    0.0,
                    0.0,
                    0.0,
                    1.0
                ]
            ]
        },
        {
            "file_path": "images/0022.png",
            "transform_matrix": [
                [
                    -0.45474475622177124,
                    0.8445882201194763,
                    -0.28262677788734436,
                    -1.130506992340088
                ],
                [
                    -0.8906218409538269,
                    -0.4312403202056885,
                    0.14430707693099976,
                    0.5772282481193542
                ],
                [
                    -7.450580152834618e-09,
                    0.3173366189002991,
                    0.9483131170272827,
                    3.7932519912719727
                ],
                [
                    0.0,
                    0.0,
                    0.0,
                    1.0
                ]
            ]
        },
        {
            "file_path": "images/0024.png",
            "transform_matrix": [
                [
                    0.6983349323272705,
                    -0.64136803150177,
                    0.31776610016822815,
                    1.2710644006729126
                ],
                [
                    0.7157710194587708,
                    0.6257444024085999,
                    -0.3100253641605377,
                    -1.2401014566421509
                ],
                [
                    0.0,
                    0.443949431180954,
                    0.8960518836975098,
                    3.584207534790039
                ],
                [
                    0.0,
                    0.0,
                    0.0,
                    1.0
                ]
            ]
        },
        {
            "file_path": "images/0025.png",
            "transform_matrix": [
                [
                    0.9998551607131958,
                    0.004978344310075045,
                    -0.016274234279990196,
                    -0.06509693711996078
                ],
                [
                    -0.017018653452396393,
                    0.2924804091453552,
                    -0.9561200737953186,
                    -3.8244802951812744
                ],
                [
                    -4.6566125955216364e-10,
                    0.9562585949897766,
                    0.2925227880477905,
                    1.170091152191162
                ],
                [
                    0.0,
                    0.0,
                    0.0,
                    1.0
                ]
            ]
        },
        {
            "file_path": "images/0027.png",
            "transform_matrix": [
                [
                    -0.6516295075416565,
                    -0.5162864923477173,
                    0.5557222366333008,
                    2.222888946533203
                ],
                [
                    0.7585372924804688,
                    -0.4435214102268219,
                    0.47739914059638977,
                    1.909596562385559
                ],
                [
                    -1.4901160305669237e-08,
                    0.7326233983039856,
                    0.6806342005729675,
                    2.72253680229187
                ],
                [
                    0.0,
                    0.0,
                    0.0,
                    1.0
                ]
            ]
        },
        {
            "file_path": "images/0032.png",
            "transform_matrix": [
                [
                    -0.4276454746723175,
                    0.6094881296157837,
                    0.6675654053688049,
                    2.6702616214752197
                ],
                [
                    0.9039465188980103,
                    0.2883410155773163,
                    0.31581664085388184,
                    1.2632665634155273
                ],
                [
                    1.4901160305669237e-08,
                    0.7385010123252869,
                    -0.6742523908615112,
                    -2.697009563446045
                ],
                [
                    0.0,
                    0.0,
                    0.0,
                    1.0
                ]
            ]
        },
        {
            "file_path": "images/0033.png",
            "transform_matrix": [
                [
                    -0.1808064728975296,
                    0.844197154045105,
                    0.504618763923645,
                    2.01847505569458
                ],
                [
                    0.983518660068512,
                    0.15519411861896515,
                    0.09276726841926575,
                    0.371069073677063
                ],
                [
                    0.0,
                    0.5130749344825745,
                    -0.8583438396453857,
                    -3.433375358581543
                ],
                [
                    0.0,
                    0.0,
                    0.0,
                    1.0
                ]
            ]
        },
        {
            "file_path": "images/0034.png",
            "transform_matrix": [
                [
                    -0.3012060821056366,
                    -0.003241037717089057,
                    0.9535535573959351,
                    3.8142142295837402
                ],
                [
                    0.9535590410232544,
                    -0.00102376495487988,
                    0.3012043535709381,
                    1.2048174142837524
                ],
                [
                    5.8207657444020455e-11,
                    0.9999942779541016,
                    0.0033988850191235542,
                    0.013595540076494217
                ],
                [
                    0.0,
                    0.0,
                    0.0,
                    1.0
                ]
            ]
        },
        {
            "file_path": "images/0035.png",
            "transform_matrix": [
                [
                    0.880210816860199,
                    -0.4719456136226654,
                    0.049961529672145844,
                    0.19984611868858337
                ],
                [
                    0.474582701921463,
                    0.87531977891922,
                    -0.09266388416290283,
                    -0.37065553665161133
                ],
                [
                    0.0,
                    0.10527481883764267,
                    0.9944431781768799,
                    3.9777727127075195
                ],
                [
                    0.0,
                    0.0,
                    0.0,
                    1.0
                ]
            ]
        },
        {
            "file_path": "images/0036.png",
            "transform_matrix": [
                [
                    0.9101178050041199,
                    0.3475935161113739,
                    -0.22553102672100067,
                    -0.9021241068840027
                ],
                [
                    -0.4143495261669159,
                    0.7634884715080261,
                    -0.49537843465805054,
                    -1.9815137386322021
                ],
                [
                    0.0,
                    0.5443013906478882,
                    0.8388897180557251,
                    3.3555588722229004
                ],
                [
                    0.0,
                    0.0,
                    0.0,
                    1.0
                ]
            ]
        },
        {
            "file_path": "images/0038.png",
            "transform_matrix": [
                [
                    -0.9683502912521362,
                    0.187636137008667,
                    0.16459158062934875,
                    0.658366322517395
                ],
                [
                    0.2495950609445572,
                    0.7279691100120544,
                    0.6385635137557983,
                    2.5542540550231934
                ],
                [
                    7.450580152834618e-09,
                    0.65943443775177,
                    -0.7517620921134949,
                    -3.0070483684539795
                ],
                [
                    0.0,
                    0.0,
                    0.0,
                    1.0
                ]
            ]
        },
        {
            "file_path": "images/0040.png",
            "transform_matrix": [
                [
                    -0.6798580288887024,
                    0.08862372487783432,
                    -0.7279689908027649,
                    -2.9118759632110596
                ],
                [
                    -0.7333436608314514,
                    -0.08216004818677902,
                    0.6748753190040588,
                    2.6995012760162354
                ],
                [
                    -3.725290076417309e-09,
                    0.9926709532737732,
                    0.12084881961345673,
                    0.4833952784538269
                ],
                [
                    0.0,
                    0.0,
                    0.0,
                    1.0
                ]
            ]
        },
        {
            "file_path": "images/0042.png",
            "transform_matrix": [
                [
                    0.23986651003360748,
                    -0.32181257009506226,
                    -0.9159152507781982,
                    -3.663661003112793
                ],
                [
                    -0.970805823802948,
                    -0.07951337844133377,
                    -0.22630414366722107,
                    -0.9052165746688843
                ],
                [
                    0.0,
                    0.9434587359428406,
                    -0.33149009943008423,
                    -1.325960397720337
                ],
                [
                    0.0,
                    0.0,
                    0.0,
                    1.0
                ]
            ]
        },
        {
            "file_path": "images/0044.png",
            "transform_matrix": [
                [
                    -0.990568995475769,
                    -0.1366274654865265,
                    -0.010296680964529514,
                    -0.04118672385811806
                ],
                [
                    -0.13701491057872772,
                    0.9877678751945496,
                    0.0744413286447525,
                    0.29776531457901
                ],
                [
                    9.313225746154785e-10,
                    0.07515016198158264,
                    -0.9971722364425659,
                    -3.9886889457702637
                ],
                [
                    0.0,
                    0.0,
                    0.0,
                    1.0
                ]
            ]
        },
        {
            "file_path": "images/0045.png",
            "transform_matrix": [
                [
                    0.6457707285881042,
                    0.6176940202713013,
                    0.44881418347358704,
                    1.7952567338943481
                ],
                [
                    0.7635312676429749,
                    -0.522426187992096,
                    -0.3795929551124573,
                    -1.518371820449829
                ],
                [
                    -1.4901160305669237e-08,
                    0.5878137350082397,
                    -0.808996319770813,
                    -3.235985279083252
                ],
                [
                    0.0,
                    0.0,
                    0.0,
                    1.0
                ]
            ]
        },
        {
            "file_path": "images/0046.png",
            "transform_matrix": [
                [
                    -0.8021441698074341,
                    -0.5405969023704529,
                    -0.25361332297325134,
                    -1.0144532918930054
                ],
                [
                    -0.5971304178237915,
                    0.7262008786201477,
                    0.3406867980957031,
                    1.3627471923828125
                ],
                [
                    0.0,
                    0.4247201085090637,
                    -0.9053246974945068,
                    -3.6212987899780273
                ],
                [
                    0.0,
                    0.0,
                    0.0,
                    1.0
                ]
            ]
        },
        {
            "file_path": "images/0047.png",
            "transform_matrix": [
                [
                    0.29798832535743713,
                    0.6451320648193359,
                    -0.7035677433013916,
                    -2.8142709732055664
                ],
                [
                    -0.9545694589614868,
                    0.20139113068580627,
                    -0.21963302791118622,
                    -0.8785321116447449
                ],
                [
                    0.0,
                    0.7370524406433105,
                    0.6758356094360352,
                    2.7033424377441406
                ],
                [
                    0.0,
                    0.0,
                    0.0,
                    1.0
                ]
            ]
        },
        {
            "file_path": "images/0051.png",
            "transform_matrix": [
                [
                    0.1355815827846527,
                    -0.9331952333450317,
                    0.33281269669532776,
                    1.331250786781311
                ],
                [
                    0.9907662272453308,
                    0.12770327925682068,
                    -0.04554381221532822,
                    -0.18217524886131287
                ],
                [
                    -7.450580596923828e-09,
                    0.33591440320014954,
                    0.9418925046920776,
                    3.7675700187683105
                ],
                [
                    0.0,
                    0.0,
                    0.0,
                    1.0
                ]
            ]
        },
        {
            "file_path": "images/0052.png",
            "transform_matrix": [
                [
                    -0.6713446378707886,
                    -0.5714733004570007,
                    0.4719264805316925,
                    1.88770592212677
                ],
                [
                    0.7411452531814575,
                    -0.5176522731781006,
                    0.42748069763183594,
                    1.7099227905273438
                ],
                [
                    0.0,
                    0.6367529630661011,
                    0.7710678577423096,
                    3.0842714309692383
                ],
                [
                    0.0,
                    0.0,
                    0.0,
                    1.0
                ]
            ]
        },
        {
            "file_path": "images/0053.png",
            "transform_matrix": [
                [
                    0.5163618326187134,
                    -0.5562581419944763,
                    0.65111243724823,
                    2.604449510574341
                ],
                [
                    0.8563703894615173,
                    0.33540451526641846,
                    -0.392598420381546,
                    -1.570393443107605
                ],
                [
                    1.4901158529312397e-08,
                    0.7603161931037903,
                    0.649553120136261,
                    2.598212242126465
                ],
                [
                    0.0,
                    0.0,
                    0.0,
                    1.0
                ]
            ]
        },
        {
            "file_path": "images/0054.png",
            "transform_matrix": [
                [
                    0.5376284718513489,
                    0.8029443621635437,
                    -0.2573632001876831,
                    -1.0294528007507324
                ],
                [
                    -0.8431817889213562,
                    0.5119723677635193,
                    -0.1640995889902115,
                    -0.656398355960846
                ],
                [
                    1.4901161193847656e-08,
                    0.3052286207675934,
                    0.9522790908813477,
                    3.8091163635253906
                ],
                [
                    0.0,
                    0.0,
                    0.0,
                    1.0
                ]
            ]
        },
        {
            "file_path": "images/0055.png",
            "transform_matrix": [
                [
                    -0.2125033140182495,
                    -0.9090912342071533,
                    -0.35832294821739197,
                    -1.4332916736602783
                ],
                [
                    -0.9771603345870972,
                    0.19770030677318573,
                    0.07792457938194275,
                    0.3116982877254486
                ],
                [
                    7.450580152834618e-09,
                    0.36669832468032837,
                    -0.930340051651001,
                    -3.7213597297668457
                ],
                [
                    0.0,
                    0.0,
                    0.0,
                    1.0
                ]
            ]
        },
        {
            "file_path": "images/0056.png",
            "transform_matrix": [
                [
                    0.2642712891101837,
                    -0.8153272271156311,
                    -0.515172004699707,
                    -2.060688018798828
                ],
                [
                    -0.9644483923912048,
                    -0.22341015934944153,
                    -0.14116376638412476,
                    -0.564655065536499
                ],
                [
                    0.0,
                    0.5341623425483704,
                    -0.8453819155693054,
                    -3.3815276622772217
                ],
                [
                    0.0,
                    0.0,
                    0.0,
                    1.0
                ]
            ]
        },
        {
            "file_path": "images/0057.png",
            "transform_matrix": [
                [
                    0.48591718077659607,
                    0.2400190830230713,
                    -0.8404018878936768,
                    -3.361607551574707
                ],
                [
                    -0.8740049004554749,
                    0.1334424912929535,
                    -0.4672350287437439,
                    -1.8689401149749756
                ],
                [
                    0.0,
                    0.9615529179573059,
                    0.27461984753608704,
                    1.0984793901443481
                ],
                [
                    0.0,
                    0.0,
                    0.0,
                    1.0
                ]
            ]
        },
        {
            "file_path": "images/0060.png",
            "transform_matrix": [
                [
                    0.03462953120470047,
                    0.9366649985313416,
                    0.3485105037689209,
                    1.3940420150756836
                ],
                [
                    0.9994001984596252,
                    -0.03245573863387108,
                    -0.01207599975168705,
                    -0.0483039990067482
                ],
                [
                    0.0,
                    0.34871965646743774,
                    -0.9372270703315735,
                    -3.748908281326294
                ],
                [
                    0.0,
                    0.0,
                    0.0,
                    1.0
                ]
            ]
        },
        {
            "file_path": "images/0061.png",
            "transform_matrix": [
                [
                    0.437163382768631,
                    -0.41821399331092834,
                    0.7962318658828735,
                    3.184927463531494
                ],
                [
                    0.8993820548057556,
                    0.20328164100646973,
                    -0.3870251178741455,
                    -1.548100471496582
                ],
                [
                    0.0,
                    0.8853098750114441,
                    0.46500149369239807,
                    1.8600059747695923
                ],
                [
                    0.0,
                    0.0,
                    0.0,
                    1.0
                ]
            ]
        },
        {
            "file_path": "images/0064.png",
            "transform_matrix": [
                [
                    -0.5104252099990845,
                    -0.20179633796215057,
                    -0.8359092473983765,
                    -3.343636989593506
                ],
                [
                    -0.8599221110343933,
                    0.11978055536746979,
                    0.4961719214916229,
                    1.9846876859664917
                ],
                [
                    -7.450580152834618e-09,
                    0.9720755815505981,
                    -0.23466815054416656,
                    -0.9386726021766663
                ],
                [
                    0.0,
                    0.0,
                    0.0,
                    1.0
                ]
            ]
        },
        {
            "file_path": "images/0065.png",
            "transform_matrix": [
                [
                    -0.4303726851940155,
                    0.8274809718132019,
                    0.36063066124916077,
                    1.4425225257873535
                ],
                [
                    0.9026512503623962,
                    0.3945324122905731,
                    0.17194411158561707,
                    0.6877763867378235
                ],
                [
                    -1.4901160305669237e-08,
                    0.39952385425567627,
                    -0.9167229533195496,
                    -3.66689133644104
                ],
                [
                    0.0,
                    0.0,
                    0.0,
                    1.0
                ]
            ]
        },
        {
            "file_path": "images/0066.png",
            "transform_matrix": [
                [
                    0.45283547043800354,
                    0.0894860178232193,
                    -0.8870920538902283,
                    -3.548368215560913
                ],
                [
                    -0.8915940523147583,
                    0.045449431985616684,
                    -0.45054891705513,
                    -1.80219566822052
                ],
                [
                    0.0,
                    0.994950532913208,
                    0.10036631673574448,
                    0.4014652669429779
                ],
                [
                    0.0,
                    0.0,
                    0.0,
                    1.0
                ]
            ]
        },
        {
            "file_path": "images/0069.png",
            "transform_matrix": [
                [
                    0.5370503664016724,
                    0.2306516319513321,
                    0.8114041090011597,
                    3.2456164360046387
                ],
                [
                    0.8435500860214233,
                    -0.1468455195426941,
                    -0.5165845155715942,
                    -2.066338062286377
                ],
                [
                    -7.450580152834618e-09,
                    0.9618920087814331,
                    -0.27342966198921204,
                    -1.0937186479568481
                ],
                [
                    0.0,
                    0.0,
                    0.0,
                    1.0
                ]
            ]
        },
        {
            "file_path": "images/0071.png",
            "transform_matrix": [
                [
                    0.44516029953956604,
                    -0.7426219582557678,
                    -0.5003448128700256,
                    -2.0013792514801025
                ],
                [
                    -0.8954508304595947,
                    -0.36918365955352783,
                    -0.2487391084432602,
                    -0.9949564337730408
                ],
                [
                    0.0,
                    0.5587629675865173,
                    -0.829327404499054,
                    -3.317309617996216
                ],
                [
                    0.0,
                    0.0,
                    0.0,
                    1.0
                ]
            ]
        },
        {
            "file_path": "images/0073.png",
            "transform_matrix": [
                [
                    -0.7715997099876404,
                    -0.6331790685653687,
                    -0.06097644567489624,
                    -0.24390578269958496
                ],
                [
                    -0.6361083388328552,
                    0.768046498298645,
                    0.07396445423364639,
                    0.29585781693458557
                ],
                [
                    0.0,
                    0.09585881978273392,
                    -0.9953949451446533,
                    -3.9815797805786133
                ],
                [
                    0.0,
                    0.0,
                    0.0,
                    1.0
                ]
            ]
        },
        {
            "file_path": "images/0076.png",
            "transform_matrix": [
                [
                    0.9527594447135925,
                    0.13942725956439972,
                    0.26983240246772766,
                    1.0793296098709106
                ],
                [
                    0.3037259876728058,
                    -0.4373700022697449,
                    -0.846438467502594,
                    -3.385753870010376
                ],
                [
                    7.450580152834618e-09,
                    0.8884073495864868,
                    -0.45905601978302,
                    -1.83622407913208
                ],
                [
                    0.0,
                    0.0,
                    0.0,
                    1.0
                ]
            ]
        },
        {
            "file_path": "images/0077.png",
            "transform_matrix": [
                [
                    0.9190518260002136,
                    -0.324552059173584,
                    0.2236282378435135,
                    0.8945128321647644
                ],
                [
                    0.3941364884376526,
                    0.7567940354347229,
                    -0.5214587450027466,
                    -2.0858347415924072
                ],
                [
                    -1.4901158529312397e-08,
                    0.5673876404762268,
                    0.8234509229660034,
                    3.2938032150268555
                ],
                [
                    0.0,
                    0.0,
                    0.0,
                    1.0
                ]
            ]
        },
        {
            "file_path": "images/0079.png",
            "transform_matrix": [
                [
                    0.9908969402313232,
                    0.1299828290939331,
                    0.03503889963030815,
                    0.1401555985212326
                ],
                [
                    0.13462266325950623,
                    -0.9567452073097229,
                    -0.25790560245513916,
                    -1.0316224098205566
                ],
                [
                    0.0,
                    0.2602747976779938,
                    -0.9655345678329468,
                    -3.862138271331787
                ],
                [
                    0.0,
                    0.0,
                    0.0,
                    1.0
                ]
            ]
        },
        {
            "file_path": "images/0080.png",
            "transform_matrix": [
                [
                    0.03731604665517807,
                    -0.9565644264221191,
                    -0.28912273049354553,
                    -1.1564909219741821
                ],
                [
                    -0.9993034601211548,
                    -0.035720087587833405,
                    -0.0107964389026165,
                    -0.043185755610466
                ],
                [
                    0.0,
                    0.28932425379753113,
                    -0.9572311639785767,
                    -3.8289246559143066
                ],
                [
                    0.0,
                    0.0,
                    0.0,
                    1.0
                ]
            ]
        },
        {
            "file_path": "images/0081.png",
            "transform_matrix": [
                [
                    -0.789077639579773,
                    0.6130563020706177,
                    0.0389673113822937,
                    0.1558692455291748
                ],
                [
                    0.6142933964729309,
                    0.7874884605407715,
                    0.050054632127285004,
                    0.20021852850914001
                ],
                [
                    0.0,
                    0.06343422830104828,
                    -0.9979860186576843,
