{
    "focal": 1.7361110664350143,
    "frames": [
        {
            "file_path": "images/0001.png",
            "transform_matrix": [
                [
                    -0.272744745016098,
                    0.910855233669281,
                    -0.30976298451423645,
                    -1.2390519380569458
                ],
                [
                    -0.9620864391326904,
                    -0.2582210898399353,
                    0.08781563490629196,
                    0.35126253962516785
                ],
                [
                    0.0,
                    0.32197004556655884,
                    0.9467498660087585,
                    3.786999464035034
                ],
                [
                    0.0,
                    0.0,
                    0.0,
                    1.0
                ]
            ]
        },
        {
            "file_path": "images/0002.png",
            "transform_matrix": [
                [
                    0.9971420764923096,
                    -0.07264991104602814,
                    -0.02072574570775032,
                    -0.08290298283100128
                ],
                [
                    -0.07554841786623001,
                    -0.9588854312896729,
                    -0.2735532224178314,
                    -1.0942128896713257
                ],
                [
                    1.8626448161640496e-09,
                    0.27433711290359497,
                    -0.961633563041687,
                    -3.846534252166748
                ],
                [
                    0.0,
                    0.0,
                    0.0,
                    1.0
                ]
            ]
        },
        {
            "file_path": "images/0005.png",
            "transform_matrix": [
                [
                    -0.9631511569023132,
                    0.11749709397554398,
                    -0.24193857610225677,
                    -0.9677543044090271
                ],
                [
                    -0.2689606249332428,
                    -0.4207584261894226,
                    0.866384744644165,
                    3.46553897857666
                ],
                [
                    0.0,
                    0.8995314240455627,
                    0.4368560314178467,
                    1.7474241256713867
                ],
                [
                    0.0,
                    0.0,
                    0.0,
                    1.0
                ]
            ]
        },
        {
            "file_path": "images/0007.png",
            "transform_matrix": [
                [
                    0.98930823802948,
                    0.14176587760448456,
                    -0.0342281311750412,
                    -0.1369125247001648
                ],
                [
                    -0.1458393931388855,
                    0.9616753458976746,
                    -0.23218809068202972,
                    -0.9287523627281189
                ],
                [
                    0.0,
                    0.23469732701778412,
                    0.9720684885978699,
                    3.8882739543914795
                ],
                [
                    0.0,
                    0.0,
                    0.0,
                    1.0
                ]
            ]
        },
        {
            "file_path": "images/0009.png",
            "transform_matrix": [
                [
                    0.433736652135849,
                    -0.8125873804092407,
                    -0.3893255591392517,
                    -1.5573022365570068
                ],
                [
                    -0.901039719581604,
                    -0.3911580443382263,
                    -0.18741102516651154,
                    -0.7496441006660461
                ],
                [
                    1.4901160305669237e-08,
                    0.43208473920822144,
                    -0.9018329977989197,
                    -3.6073319911956787
                ],
                [
                    0.0,
                    0.0,
                    0.0,
                    1.0
                ]
            ]
        },
        {
            "file_path": "images/0010.png",
            "transform_matrix": [
                [
                    0.2947635352611542,
                    0.8889688849449158,
                    0.35049787163734436,
                    1.4019914865493774
                ],
                [
                    0.9555701613426208,
                    -0.2742191255092621,
                    -0.10811764746904373,
                    -0.4324705898761749
                ],
                [
                    -7.450580152834618e-09,
                    0.3667944371700287,
                    -0.9303020238876343,
                    -3.721208095550537
                ],
                [
                    0.0,
                    0.0,
                    0.0,
                    1.0
                ]
            ]
        },
        {
            "file_path": "images/0012.png",
            "transform_matrix": [
                [
                    0.99839848279953,
                    0.022383183240890503,
                    0.051955386996269226,
                    0.2078215479850769
                ],
                [
                    0.056571800261735916,
                    -0.3950260579586029,
                    -0.9169264435768127,
                    -3.667705774307251
                ],
                [
                    0.0,
                    0.9183971881866455,
                    -0.3956596851348877,
                    -1.5826387405395508
                ],
                [
                    0.0,
                    0.0,
                    0.0,
                    1.0
                ]
            ]
        },
        {
            "file_path": "images/0013.png",
            "transform_matrix": [
                [
                    0.6219445466995239,
                    -0.22984939813613892,
                    -0.7485681176185608,
                    -2.994272470474243
                ],
                [
                    -0.7830613255500793,
                    -0.18255731463432312,
                    -0.5945484042167664,
                    -2.3781936168670654
                ],
                [
                    1.4901161193847656e-08,
                    0.955950915813446,
                    -0.29352667927742004,
                    -1.1741067171096802
                ],
                [
                    0.0,
                    0.0,
                    0.0,
                    1.0
                ]
            ]
        },
        {
            "file_path": "images/0015.png",
            "transform_matrix": [
                [
                    -0.7643792033195496,
                    -0.6399238705635071,
                    -0.07887843996286392,
                    -0.3155137598514557
                ],
                [
                    -0.6447668075561523,
                    0.7586377859115601,
                    0.09351138770580292,
                    0.37404555082321167
                ],
                [
                    -3.725290076417309e-09,
                    0.12233638763427734,
                    -0.99248868227005,
                    -3.9699547290802
                ],
                [
                    0.0,
                    0.0,
                    0.0,
                    1.0
                ]
            ]
        },
        {
            "file_path": "images/0017.png",
            "transform_matrix": [
                [
                    0.9081822633743286,
                    -0.22109802067279816,
                    -0.3554161489009857,
                    -1.4216645956039429
                ],
                [
                    -0.41857489943504333,
                    -0.47971653938293457,
                    -0.7711466550827026,
                    -3.0845866203308105
                ],
                [
                    -1.4901160305669237e-08,
                    0.849109947681427,
                    -0.5282161235809326,
                    -2.1128644943237305
                ],
                [
                    0.0,
                    0.0,
                    0.0,
                    1.0
                ]
            ]
        },
        {
            "file_path": "images/0018.png",
            "transform_matrix": [
                [
                    -0.8969907760620117,
                    -0.09618975967168808,
                    0.43145689368247986,
                    1.7258275747299194
                ],
                [
                    0.44204920530319214,
                    -0.19518491625785828,
                    0.8754972219467163,
                    3.5019888877868652
                ],
                [
                    7.450580152834618e-09,
                    0.9760380983352661,
                    0.21759966015815735,
                    0.8703986406326294
                ],
                [
                    0.0,
                    0.0,
                    0.0,
                    1.0
                ]
            ]
        },
        {
            "file_path": "images/0019.png",
            "transform_matrix": [
                [
                    -0.5587546229362488,
                    -0.32335996627807617,
                    -0.763696014881134,
                    -3.054784059524536
                ],
                [
                    -0.8293330073356628,
                    0.21786047518253326,
                    0.5145323872566223,
                    2.0581295490264893
                ],
                [
                    1.4901160305669237e-08,
                    0.920855700969696,
                    -0.38990363478660583,
                    -1.5596145391464233
                ],
                [
                    0.0,
                    0.0,
                    0.0,
                    1.0
                ]
            ]
        },
        {
            "file_path": "images/0021.png",
            "transform_matrix": [
                [
                    0.25957122445106506,
                    -0.6138507127761841,
                    0.7455267310142517,
                    2.982106924057007
                ],
                [
                    0.9657239317893982,
                    0.1649933159351349,
                    -0.20038573443889618,
                    -0.8015429377555847
                ],
                [
                    0.0,
                    0.7719874382019043,
                    0.6356378197669983,
                    2.542551279067993
                ],
                [
                    0.0,
                    0.0,
                    0.0,
                    1.0
                ]
            ]
        },
        {
            "file_path": "images/0022.png",
            "transform_matrix": [
                [
                    -0.45474475622177124,
                    0.8445882201194763,
                    -0.28262677788734436,
                    -1.130506992340088
                ],
                [
                    -0.8906218409538269,
                    -0.4312403202056885,
                    0.14430707693099976,
                    0.5772282481193542
                ],
                [
                    -7.450580152834618e-09,
                    0.3173366189002991,
                    0.9483131170272827,
                    3.7932519912719727
                ],
                [
                    0.0,
                    0.0,
                    0.0,
                    1.0
                ]
            ]
        },
        {
            "file_path": "images/0023.png",
            "transform_matrix": [
                [
                    -0.9721390604972839,
                    -0.12535110116004944,
                    0.19807220995426178,
                    0.7922887206077576
                ],
                [
                    0.234404519200325,
                    -0.5198649168014526,
                    0.8214591145515442,
                    3.2858359813690186
                ],
                [
                    -7.4505792646561986e-09,
                    0.8450014591217041,
                    0.5347639918327332,
                    2.1390557289123535
                ],
                [
                    0.0,
                    0.0,
                    0.0,
                    1.0
                ]
            ]
        },
        {
            "file_path": "images/0024.png",
            "transform_matrix": [
                [
                    0.6983349323272705,
                    -0.64136803150177,
                    0.31776610016822815,
                    1.2710644006729126
                ],
                [
                    0.7157710194587708,
                    0.6257444024085999,
                    -0.3100253641605377,
                    -1.2401014566421509
                ],
                [
                    0.0,
                    0.443949431180954,
                    0.8960518836975098,
                    3.584207534790039
                ],
                [
                    0.0,
                    0.0,
                    0.0,
                    1.0
                ]
            ]
        },
        {
            "file_path": "images/0025.png",
            "transform_matrix": [
                [
                    0.9998551607131958,
                    0.004978344310075045,
                    -0.016274234279990196,
                    -0.06509693711996078
                ],
                [
                    -0.017018653452396393,
                    0.2924804091453552,
                    -0.9561200737953186,
                    -3.8244802951812744
                ],
                [
                    -4.6566125955216364e-10,
                    0.9562585949897766,
                    0.2925227880477905,
                    1.170091152191162
                ],
                [
                    0.0,
                    0.0,
                    0.0,
                    1.0
                ]
            ]
        },
        {
            "file_path": "images/0026.png",
            "transform_matrix": [
                [
                    -0.8034309148788452,
                    0.1791086345911026,
                    0.5678192973136902,
                    2.2712771892547607
                ],
                [
                    0.5953978300094604,
                    0.2416895180940628,
                    0.7662163972854614,
                    3.0648655891418457
                ],
                [
                    0.0,
                    0.9536803364753723,
                    -0.3008217513561249,
                    -1.2032870054244995
                ],
                [
                    0.0,
                    0.0,
                    0.0,
                    1.0
                ]
            ]
        },
        {
            "file_path": "images/0028.png",
            "transform_matrix": [
                [
                    0.29775574803352356,
                    -0.5407078266143799,
                    -0.7867506742477417,
                    -3.147002696990967
                ],
                [
                    -0.9546420574188232,
                    -0.16864840686321259,
                    -0.245389923453331,
                    -0.981559693813324
                ],
                [
                    0.0,
                    0.8241315484046936,
                    -0.5663984417915344,
                    -2.2655937671661377
                ],
                [
                    0.0,
                    0.0,
                    0.0,
                    1.0
                ]
            ]
        },
        {
            "file_path": "images/0029.png",
            "transform_matrix": [
                [
                    0.24309636652469635,
                    -0.23648309707641602,
                    -0.9407337307929993,
                    -3.762934923171997
                ],
                [
                    -0.9700021147727966,
                    -0.05926603451371193,
                    -0.23576128482818604,
                    -0.9430451393127441
                ],
                [
                    0.0,
                    0.969826340675354,
                    -0.2437964677810669,
                    -0.9751858711242676
                ],
                [
                    0.0,
                    0.0,
                    0.0,
                    1.0
                ]
            ]
        },
        {
            "file_path": "images/0031.png",
            "transform_matrix": [
                [
                    -0.4674954116344452,
                    -0.2003280222415924,
                    0.8609976172447205,
                    3.4439899921417236
                ],
                [
                    0.8839954137802124,
                    -0.10594220459461212,
                    0.4553331434726715,
                    1.821332335472107
                ],
                [
                    -7.4505792646561986e-09,
                    0.9739840626716614,
                    0.22661659121513367,
                    0.9064662456512451
                ],
                [
                    0.0,
                    0.0,
                    0.0,
                    1.0
                ]
            ]
        },
        {
            "file_path": "images/0032.png",
            "transform_matrix": [
                [
                    -0.4276454746723175,
                    0.6094881296157837,
                    0.6675654053688049,
                    2.6702616214752197
                ],
                [
                    0.9039465188980103,
                    0.2883410155773163,
                    0.31581664085388184,
                    1.2632665634155273
                ],
                [
                    1.4901160305669237e-08,
                    0.7385010123252869,
                    -0.6742523908615112,
                    -2.697009563446045
                ],
                [
                    0.0,
                    0.0,
                    0.0,
                    1.0
                ]
            ]
        },
        {
            "file_path": "images/0033.png",
            "transform_matrix": [
                [
                    -0.1808064728975296,
                    0.844197154045105,
                    0.504618763923645,
                    2.01847505569458
                ],
                [
                    0.983518660068512,
                    0.15519411861896515,
                    0.09276726841926575,
                    0.371069073677063
                ],
                [
                    0.0,
                    0.5130749344825745,
                    -0.8583438396453857,
                    -3.433375358581543
                ],
                [
                    0.0,
                    0.0,
                    0.0,
                    1.0
                ]
            ]
        },
        {
            "file_path": "images/0034.png",
            "transform_matrix": [
                [
                    -0.3012060821056366,
                    -0.003241037717089057,
                    0.9535535573959351,
                    3.8142142295837402
                ],
                [
                    0.9535590410232544,
                    -0.00102376495487988,
                    0.3012043535709381,
                    1.2048174142837524
                ],
                [
                    5.8207657444020455e-11,
                    0.9999942779541016,
                    0.0033988850191235542,
                    0.013595540076494217
                ],
                [
                    0.0,
                    0.0,
                    0.0,
                    1.0
                ]
            ]
        },
        {
            "file_path": "images/0038.png",
            "transform_matrix": [
                [
                    -0.9683502912521362,
                    0.187636137008667,
                    0.16459158062934875,
                    0.658366322517395
                ],
                [
                    0.2495950609445572,
                    0.7279691100120544,
                    0.6385635137557983,
                    2.5542540550231934
                ],
                [
                    7.450580152834618e-09,
                    0.65943443775177,
                    -0.7517620921134949,
                    -3.0070483684539795
                ],
                [
                    0.0,
                    0.0,
                    0.0,
                    1.0
                ]
            ]
        },
        {
            "file_path": "images/0039.png",
            "transform_matrix": [
                [
                    0.2571594715118408,
                    -0.6955277323722839,
                    0.6709025502204895,
                    2.683610200881958
                ],
                [
                    0.9663689732551575,
                    0.185086190700531,
                    -0.17853322625160217,
                    -0.7141329050064087
                ],
                [
                    1.4901160305669237e-08,
                    0.6942508816719055,
                    0.7197330594062805,
                    2.878932237625122
                ],
                [
                    0.0,
                    0.0,
                    0.0,
                    1.0
                ]
            ]
        },
        {
            "file_path": "images/0040.png",
            "transform_matrix": [
                [
                    -0.6798580288887024,
                    0.08862372487783432,
                    -0.7279689908027649,
                    -2.9118759632110596
                ],
                [
                    -0.7333436608314514,
                    -0.08216004818677902,
                    0.6748753190040588,
                    2.6995012760162354
                ],
                [
                    -3.725290076417309e-09,
                    0.9926709532737732,
                    0.12084881961345673,
                    0.4833952784538269
                ],
                [
                    0.0,
                    0.0,
                    0.0,
                    1.0
                ]
            ]
        },
        {
            "file_path": "images/0042.png",
            "transform_matrix": [
                [
                    0.23986651003360748,
                    -0.32181257009506226,
                    -0.9159152507781982,
                    -3.663661003112793
                ],
                [
                    -0.970805823802948,
                    -0.07951337844133377,
                    -0.22630414366722107,
                    -0.9052165746688843
                ],
                [
                    0.0,
                    0.9434587359428406,
                    -0.33149009943008423,
                    -1.325960397720337
                ],
                [
                    0.0,
                    0.0,
                    0.0,
                    1.0
                ]
            ]
        },
        {
            "file_path": "images/0043.png",
            "transform_matrix": [
                [
                    0.5435712337493896,
                    0.8103440999984741,
                    0.2187982052564621,
                    0.8751928210258484
                ],
                [
                    0.8393630385398865,
                    -0.5247786045074463,
                    -0.14169365167617798,
                    -0.5667746067047119
                ],
                [
                    0.0,
                    0.26067155599594116,
                    -0.9654275178909302,
                    -3.8617100715637207
                ],
                [
                    0.0,
                    0.0,
                    0.0,
                    1.0
                ]
            ]
        },
        {
            "file_path": "images/0047.png",
            "transform_matrix": [
                [
                    0.29798832535743713,
                    0.6451320648193359,
                    -0.7035677433013916,
                    -2.8142709732055664
                ],
                [
                    -0.9545694589614868,
                    0.20139113068580627,
                    -0.21963302791118622,
                    -0.8785321116447449
                ],
                [
                    0.0,
                    0.7370524406433105,
                    0.6758356094360352,
                    2.7033424377441406
                ],
                [
                    0.0,
                    0.0,
                    0.0,
                    1.0
                ]
            ]
        },
        {
            "file_path": "images/0049.png",
            "transform_matrix": [
                [
                    -0.015477578155696392,
                    -0.10143551975488663,
                    -0.9947217106819153,
                    -3.978886842727661
                ],
                [
                    -0.9998802542686462,
                    0.0015701642259955406,
                    0.015397726558148861,
                    0.061590906232595444
                ],
                [
                    1.1641532182693481e-10,
                    0.9948408603668213,
                    -0.1014476791024208,
                    -0.4057907164096832
                ],
                [
                    0.0,
                    0.0,
                    0.0,
                    1.0
                ]
            ]
        },
        {
            "file_path": "images/0051.png",
            "transform_matrix": [
                [
                    0.1355815827846527,
                    -0.9331952333450317,
                    0.33281269669532776,
                    1.331250786781311
                ],
                [
                    0.9907662272453308,
                    0.12770327925682068,
                    -0.04554381221532822,
                    -0.18217524886131287
                ],
                [
                    -7.450580596923828e-09,
                    0.33591440320014954,
                    0.9418925046920776,
                    3.7675700187683105
                ],
                [
                    0.0,
                    0.0,
                    0.0,
                    1.0
                ]
            ]
        },
        {
            "file_path": "images/0052.png",
            "transform_matrix": [
                [
                    -0.6713446378707886,
                    -0.5714733004570007,
                    0.4719264805316925,
                    1.88770592212677
                ],
                [
                    0.7411452531814575,
                    -0.5176522731781006,
                    0.42748069763183594,
                    1.7099227905273438
                ],
                [
                    0.0,
                    0.6367529630661011,
                    0.7710678577423096,
                    3.0842714309692383
                ],
                [
                    0.0,
                    0.0,
                    0.0,
                    1.0
                ]
            ]
        },
        {
            "file_path": "images/0054.png",
            "transform_matrix": [
                [
                    0.5376284718513489,
                    0.8029443621635437,
                    -0.2573632001876831,
                    -1.0294528007507324
                ],
                [
                    -0.8431817889213562,
                    0.5119723677635193,
                    -0.1640995889902115,
                    -0.656398355960846
                ],
                [
                    1.4901161193847656e-08,
                    0.3052286207675934,
                    0.9522790908813477,
                    3.8091163635253906
                ],
                [
                    0.0,
                    0.0,
                    0.0,
                    1.0
                ]
            ]
        },
        {
            "file_path": "images/0055.png",
            "transform_matrix": [
                [
                    -0.2125033140182495,
                    -0.9090912342071533,
                    -0.35832294821739197,
                    -1.4332916736602783
                ],
                [
                    -0.9771603345870972,
                    0.19770030677318573,
                    0.07792457938194275,
                    0.3116982877254486
                ],
                [
                    7.450580152834618e-09,
                    0.36669832468032837,
                    -0.930340051651001,
                    -3.7213597297668457
                ],
                [
                    0.0,
                    0.0,
                    0.0,
                    1.0
                ]
            ]
        },
        {
            "file_path": "images/0058.png",
            "transform_matrix": [
                [
                    0.9868747591972351,
                    0.14723849296569824,
                    -0.06632453203201294,
                    -0.26529812812805176
                ],
                [
                    -0.1614871770143509,
                    0.8997986316680908,
                    -0.4053201377391815,
                    -1.621280550956726
                ],
                [
                    -3.725290076417309e-09,
                    0.4107106626033783,
                    0.9117656946182251,
                    3.6470627784729004
                ],
                [
                    0.0,
                    0.0,
                    0.0,
                    1.0
                ]
            ]
        },
        {
            "file_path": "images/0059.png",
            "transform_matrix": [
                [
                    0.9347609877586365,
                    0.31350213289260864,
                    0.16714738309383392,
                    0.6685895323753357
                ],
                [
                    0.3552771210670471,
                    -0.8248478174209595,
                    -0.4397773742675781,
                    -1.7591094970703125
                ],
                [
                    1.4901161193847656e-08,
                    0.4704703688621521,
                    -0.882415771484375,
                    -3.5296630859375
                ],
                [
                    0.0,
                    0.0,
                    0.0,
                    1.0
                ]
            ]
        },
        {
            "file_path": "images/0060.png",
            "transform_matrix": [
                [
                    0.03462953120470047,
                    0.9366649985313416,
                    0.3485105037689209,
                    1.3940420150756836
                ],
                [
                    0.9994001984596252,
                    -0.03245573863387108,
                    -0.01207599975168705,
                    -0.0483039990067482
                ],
                [
                    0.0,
                    0.34871965646743774,
                    -0.9372270703315735,
                    -3.748908281326294
                ],
                [
                    0.0,
                    0.0,
                    0.0,
                    1.0
                ]
            ]
        },
        {
            "file_path": "images/0065.png",
            "transform_matrix": [
                [
                    -0.4303726851940155,
                    0.8274809718132019,
                    0.36063066124916077,
                    1.4425225257873535
                ],
                [
                    0.9026512503623962,
                    0.3945324122905731,
                    0.17194411158561707,
                    0.6877763867378235
                ],
                [
                    -1.4901160305669237e-08,
                    0.39952385425567627,
                    -0.9167229533195496,
                    -3.66689133644104
                ],
                [
                    0.0,
                    0.0,
                    0.0,
                    1.0
                ]
            ]
        },
        {
            "file_path": "images/0066.png",
            "transform_matrix": [
                [
                    0.45283547043800354,
                    0.0894860178232193,
                    -0.8870920538902283,
                    -3.548368215560913
                ],
                [
                    -0.8915940523147583,
                    0.045449431985616684,
                    -0.45054891705513,
                    -1.80219566822052
                ],
                [
                    0.0,
                    0.994950532913208,
                    0.10036631673574448,
                    0.4014652669429779
                ],
                [
                    0.0,
                    0.0,
                    0.0,
                    1.0
                ]
            ]
        },
        {
            "file_path": "images/0067.png",
            "transform_matrix": [
                [
                    -0.9986302256584167,
                    -0.04874417185783386,
                    0.01901494897902012,
                    0.07605979591608047
                ],
                [
                    0.05232171714305878,
                    -0.9303479194641113,
                    0.36292582750320435,
                    1.4517033100128174
                ],
                [
                    0.0,
                    0.3634236454963684,
                    0.9316239953041077,
                    3.7264959812164307
                ],
                [
                    0.0,
                    0.0,
                    0.0,
                    1.0
                ]
            ]
        },
        {
            "file_path": "images/0069.png",
            "transform_matrix": [
                [
                    0.5370503664016724,
                    0.2306516319513321,
                    0.8114041090011597,
                    3.2456164360046387
                ],
                [
                    0.8435500860214233,
                    -0.1468455195426941,
                    -0.5165845155715942,
                    -2.066338062286377
                ],
                [
                    -7.450580152834618e-09,
                    0.9618920087814331,
                    -0.27342966198921204,
                    -1.0937186479568481
                ],
                [
                    0.0,
                    0.0,
                    0.0,
                    1.0
                ]
            ]
        },
        {
            "file_path": "images/0070.png",
            "transform_matrix": [
                [
                    0.8945352435112,
                    0.3257904052734375,
                    0.3060511648654938,
                    1.224204659461975
                ],
                [
                    0.44699743390083313,
                    -0.651974618434906,
                    -0.6124722957611084,
                    -2.4498891830444336
                ],
                [
                    0.0,
                    0.6846821308135986,
                    -0.7288417816162109,
                    -2.9153671264648438
                ],
                [
                    0.0,
                    0.0,
                    0.0,
                    1.0
                ]
            ]
        },
        {
            "file_path": "images/0071.png",
            "transform_matrix": [
                [
                    0.44516029953956604,
                    -0.7426219582557678,
                    -0.5003448128700256,
                    -2.0013792514801025
                ],
                [
                    -0.8954508304595947,
                    -0.36918365955352783,
                    -0.2487391084432602,
                    -0.9949564337730408
                ],
                [
                    0.0,
                    0.5587629675865173,
                    -0.829327404499054,
                    -3.317309617996216
                ],
                [
                    0.0,
                    0.0,
                    0.0,
                    1.0
                ]
            ]
        },
        {
            "file_path": "images/0073.png",
            "transform_matrix": [
                [
                    -0.7715997099876404,
                    -0.6331790685653687,
                    -0.06097644567489624,
                    -0.24390578269958496
                ],
                [
                    -0.6361083388328552,
                    0.768046498298645,
                    0.07396445423364639,
                    0.29585781693458557
                ],
                [
                    0.0,
                    0.09585881978273392,
                    -0.9953949451446533,
                    -3.9815797805786133
                ],
                [
                    0.0,
                    0.0,
                    0.0,
                    1.0
                ]
            ]
        },
        {
            "file_path": "images/0074.png",
            "transform_matrix": [
                [
                    -0.303962379693985,
                    -0.878135085105896,
                    -0.3694397807121277,
                    -1.4777591228485107
                ],
                [
                    -0.9526839256286621,
                    0.28017690777778625,
                    0.11787309497594833,
                    0.47149237990379333
                ],
                [
                    -7.4505792646561986e-09,
                    0.3877882957458496,
                    -0.9217484593391418,
                    -3.6869938373565674
                ],
                [
                    0.0,
                    0.0,
                    0.0,
                    1.0
                ]
            ]
        },
        {
            "file_path": "images/0075.png",
            "transform_matrix": [
                [
                    0.7265699505805969,
                    -0.6537107229232788,
                    0.21156176924705505,
                    0.8462469577789307
                ],
                [
                    0.6870924830436707,
                    0.6912702322006226,
                    -0.22371724247932434,
                    -0.8948688507080078
                ],
                [
                    0.0,
                    0.307908833026886,
                    0.951416015625,
                    3.805663585662842
                ],
                [
                    0.0,
                    0.0,
                    0.0,
                    1.0
                ]
            ]
        },
        {
            "file_path": "images/0077.png",
            "transform_matrix": [
                [
                    0.9190518260002136,
                    -0.324552059173584,
                    0.2236282378435135,
                    0.8945128321647644
                ],
                [
                    0.3941364884376526,
                    0.7567940354347229,
                    -0.5214587450027466,
                    -2.0858347415924072
                ],
                [
                    -1.4901158529312397e-08,
