{
    "focal": 1.7361110664350143,
    "frames": [
        {
            "file_path": "train\\0002.png",
            "transform_matrix": [
                [
                    0.9971421360969543,
                    -0.07264991104602814,
                    -0.02072574384510517,
                    -0.08290298283100128
                ],
                [
                    -0.07554842531681061,
                    -0.9588854312896729,
                    -0.27355319261550903,
                    -1.0942128896713257
                ],
                [
                    1.8626449271863521e-09,
                    0.27433711290359497,
                    -0.9616335034370422,
                    -3.846534252166748
                ],
                [
                    0.0,
                    0.0,
                    0.0,
                    1.0
                ]
            ]
        },
        {
            "file_path": "train\\0005.png",
            "transform_matrix": [
                [
                    -0.963151216506958,
                    0.11749709397554398,
                    -0.24193856120109558,
                    -0.9677543044090271
                ],
                [
                    -0.2689606547355652,
                    -0.4207584261894226,
                    0.8663846850395203,
                    3.46553897857666
                ],
                [
                    0.0,
                    0.8995314240455627,
                    0.4368560016155243,
                    1.7474241256713867
                ],
                [
                    0.0,
                    0.0,
                    0.0,
                    1.0
                ]
            ]
        },
        {
            "file_path": "train\\0008.png",
            "transform_matrix": [
                [
                    -0.23034441471099854,
                    -0.6807553172111511,
                    -0.6953514218330383,
                    -2.7814059257507324
                ],
                [
                    -0.9731091260910034,
                    0.16114142537117004,
                    0.16459646821022034,
                    0.6583859324455261
                ],
                [
                    0.0,
                    0.7145668268203735,
                    -0.6995671987533569,
                    -2.798269033432007
                ],
                [
                    0.0,
                    0.0,
                    0.0,
                    1.0
                ]
            ]
        },
        {
            "file_path": "train\\0009.png",
            "transform_matrix": [
                [
                    0.4337366819381714,
                    -0.8125873804092407,
                    -0.3893255293369293,
                    -1.5573022365570068
                ],
                [
                    -0.9010397791862488,
                    -0.3911580443382263,
                    -0.18741101026535034,
                    -0.7496441006660461
                ],
                [
                    1.4901161193847656e-08,
                    0.43208473920822144,
                    -0.9018329381942749,
                    -3.6073319911956787
                ],
                [
                    0.0,
                    0.0,
                    0.0,
                    1.0
                ]
            ]
        },
        {
            "file_path": "train\\0010.png",
            "transform_matrix": [
                [
                    0.29476356506347656,
                    0.8889688849449158,
                    0.350497841835022,
                    1.4019914865493774
                ],
                [
                    0.9555702209472656,
                    -0.2742191255092621,
                    -0.10811764001846313,
                    -0.4324705898761749
                ],
                [
                    -7.450580596923828e-09,
                    0.3667944371700287,
                    -0.9303019642829895,
                    -3.721208095550537
                ],
                [
                    0.0,
                    0.0,
                    0.0,
                    1.0
                ]
            ]
        },
        {
            "file_path": "train\\0012.png",
            "transform_matrix": [
                [
                    0.9983985424041748,
                    0.022383183240890503,
                    0.05195538327097893,
                    0.2078215479850769
                ],
                [
                    0.056571803987026215,
                    -0.3950260579586029,
                    -0.916926383972168,
                    -3.667705774307251
                ],
                [
                    0.0,
                    0.9183971881866455,
                    -0.3956596553325653,
                    -1.5826387405395508
                ],
                [
                    0.0,
                    0.0,
                    0.0,
                    1.0
                ]
            ]
        },
        {
            "file_path": "train\\0013.png",
            "transform_matrix": [
                [
                    0.6219446063041687,
                    -0.22984939813613892,
                    -0.748568058013916,
                    -2.994272470474243
                ],
                [
                    -0.7830613851547241,
                    -0.18255731463432312,
                    -0.5945483446121216,
                    -2.3781936168670654
                ],
                [
                    1.4901162970204496e-08,
                    0.955950915813446,
                    -0.29352664947509766,
                    -1.1741067171096802
                ],
                [
                    0.0,
                    0.0,
                    0.0,
                    1.0
                ]
            ]
        },
        {
            "file_path": "train\\0016.png",
            "transform_matrix": [
                [
                    -0.13769015669822693,
                    -0.345392644405365,
                    0.9283023476600647,
                    3.713209629058838
                ],
                [
                    0.9904753565788269,
                    -0.04801448807120323,
                    0.1290472149848938,
                    0.51618891954422
                ],
                [
                    3.725290298461914e-09,
                    0.9372291564941406,
                    0.3487139940261841,
                    1.3948560953140259
                ],
                [
                    0.0,
                    0.0,
                    0.0,
                    1.0
                ]
            ]
        },
        {
            "file_path": "train\\0017.png",
            "transform_matrix": [
                [
                    0.9081823229789734,
                    -0.22109802067279816,
                    -0.35541611909866333,
                    -1.4216645956039429
                ],
                [
                    -0.4185749292373657,
                    -0.47971653938293457,
                    -0.7711465954780579,
                    -3.0845866203308105
                ],
                [
                    -1.4901161193847656e-08,
                    0.849109947681427,
                    -0.5282160639762878,
                    -2.1128644943237305
                ],
                [
                    0.0,
                    0.0,
                    0.0,
                    1.0
                ]
            ]
        },
        {
            "file_path": "train\\0019.png",
            "transform_matrix": [
                [
                    -0.5587546825408936,
                    -0.32335996627807617,
                    -0.7636959552764893,
                    -3.054784059524536
                ],
                [
                    -0.8293330669403076,
                    0.21786047518253326,
                    0.5145323276519775,
                    2.0581295490264893
                ],
                [
                    1.4901161193847656e-08,
                    0.920855700969696,
                    -0.38990360498428345,
                    -1.5596145391464233
                ],
                [
                    0.0,
                    0.0,
                    0.0,
                    1.0
                ]
            ]
        },
        {
            "file_path": "train\\0024.png",
            "transform_matrix": [
                [
                    0.6983349919319153,
                    -0.64136803150177,
                    0.31776607036590576,
                    1.2710644006729126
                ],
                [
                    0.7157710790634155,
                    0.6257444024085999,
                    -0.31002533435821533,
                    -1.2401014566421509
                ],
                [
                    0.0,
                    0.443949431180954,
                    0.896051824092865,
                    3.584207534790039
                ],
                [
                    0.0,
                    0.0,
                    0.0,
                    1.0
                ]
            ]
        },
        {
            "file_path": "train\\0027.png",
            "transform_matrix": [
                [
                    -0.6516295671463013,
                    -0.5162864923477173,
                    0.555722177028656,
                    2.222888946533203
                ],
                [
                    0.7585373520851135,
                    -0.4435214102268219,
                    0.4773991107940674,
                    1.909596562385559
                ],
                [
                    -1.4901161193847656e-08,
                    0.7326233983039856,
                    0.6806341409683228,
                    2.72253680229187
                ],
                [
                    0.0,
                    0.0,
                    0.0,
                    1.0
                ]
            ]
        },
        {
            "file_path": "train\\0029.png",
            "transform_matrix": [
                [
                    0.24309638142585754,
                    -0.23648309707641602,
                    -0.9407336711883545,
                    -3.762934923171997
                ],
                [
                    -0.9700021743774414,
                    -0.05926603451371193,
                    -0.23576126992702484,
                    -0.9430451393127441
                ],
                [
                    0.0,
                    0.969826340675354,
                    -0.2437964528799057,
                    -0.9751858711242676
                ],
                [
                    0.0,
                    0.0,
                    0.0,
                    1.0
                ]
            ]
        },
        {
            "file_path": "train\\0030.png",
            "transform_matrix": [
                [
                    -0.07707000523805618,
                    -0.7585555911064148,
                    0.6470344066619873,
                    2.5881378650665283
                ],
                [
                    0.9970257878303528,
                    -0.05863628536462784,
                    0.050015706568956375,
                    0.2000628411769867
                ],
                [
                    0.0,
                    0.6489646434783936,
                    0.7608184814453125,
                    3.043274164199829
                ],
                [
                    0.0,
                    0.0,
                    0.0,
                    1.0
                ]
            ]
        },
        {
            "file_path": "train\\0031.png",
            "transform_matrix": [
                [
                    -0.4674954414367676,
                    -0.2003280222415924,
                    0.8609975576400757,
                    3.4439899921417236
                ],
                [
                    0.8839954733848572,
                    -0.10594220459461212,
                    0.4553331136703491,
                    1.821332335472107
                ],
                [
                    -7.4505797087454084e-09,
                    0.9739840626716614,
                    0.22661657631397247,
                    0.9064662456512451
                ],
                [
                    0.0,
                    0.0,
                    0.0,
                    1.0
                ]
            ]
        },
        {
            "file_path": "train\\0032.png",
            "transform_matrix": [
                [
                    -0.4276455044746399,
                    0.6094881296157837,
                    0.6675653457641602,
                    2.6702616214752197
                ],
                [
                    0.903946578502655,
                    0.2883410155773163,
                    0.31581661105155945,
                    1.2632665634155273
                ],
                [
                    1.4901161193847656e-08,
                    0.7385010123252869,
                    -0.6742523312568665,
                    -2.697009563446045
                ],
                [
                    0.0,
                    0.0,
                    0.0,
                    1.0
                ]
            ]
        },
        {
            "file_path": "train\\0033.png",
            "transform_matrix": [
                [
                    -0.1808064877986908,
                    0.844197154045105,
                    0.5046187043190002,
                    2.01847505569458
                ],
                [
                    0.9835187196731567,
                    0.15519411861896515,
                    0.09276726096868515,
                    0.371069073677063
                ],
                [
                    0.0,
                    0.5130749344825745,
                    -0.858343780040741,
                    -3.433375358581543
                ],
                [
                    0.0,
                    0.0,
                    0.0,
                    1.0
                ]
            ]
        },
        {
            "file_path": "train\\0034.png",
            "transform_matrix": [
                [
                    -0.301206111907959,
                    -0.003241037717089057,
                    0.9535534977912903,
                    3.8142142295837402
                ],
                [
                    0.9535591006278992,
                    -0.00102376495487988,
                    0.3012043237686157,
                    1.2048174142837524
                ],
                [
                    5.820766091346741e-11,
                    0.9999942779541016,
                    0.0033988847862929106,
                    0.013595540076494217
                ],
                [
                    0.0,
                    0.0,
                    0.0,
                    1.0
                ]
            ]
        },
        {
            "file_path": "train\\0035.png",
            "transform_matrix": [
                [
                    0.8802108764648438,
                    -0.4719456136226654,
                    0.049961525946855545,
                    0.19984611868858337
                ],
                [
                    0.4745827317237854,
                    0.87531977891922,
                    -0.09266387671232224,
                    -0.37065553665161133
                ],
                [
                    0.0,
                    0.10527481883764267,
                    0.9944431185722351,
                    3.9777727127075195
                ],
                [
                    0.0,
                    0.0,
                    0.0,
                    1.0
                ]
            ]
        },
        {
            "file_path": "train\\0036.png",
            "transform_matrix": [
                [
                    0.9101178646087646,
                    0.3475935161113739,
                    -0.22553101181983948,
                    -0.9021241068840027
                ],
                [
                    -0.4143495559692383,
                    0.7634884715080261,
                    -0.49537840485572815,
                    -1.9815137386322021
                ],
                [
                    0.0,
                    0.5443013906478882,
                    0.8388896584510803,
                    3.3555588722229004
                ],
                [
                    0.0,
                    0.0,
                    0.0,
                    1.0
                ]
            ]
        },
        {
            "file_path": "train\\0038.png",
            "transform_matrix": [
                [
                    -0.968350350856781,
                    0.187636137008667,
                    0.16459156572818756,
                    0.658366322517395
                ],
                [
                    0.24959507584571838,
                    0.7279691100120544,
                    0.6385634541511536,
                    2.5542540550231934
                ],
                [
                    7.450580596923828e-09,
                    0.65943443775177,
                    -0.7517620325088501,
                    -3.0070483684539795
                ],
                [
                    0.0,
                    0.0,
                    0.0,
                    1.0
                ]
            ]
        },
        {
            "file_path": "train\\0040.png",
            "transform_matrix": [
                [
                    -0.6798580884933472,
                    0.08862372487783432,
                    -0.7279689311981201,
                    -2.9118759632110596
                ],
                [
                    -0.7333437204360962,
                    -0.08216004818677902,
                    0.6748752593994141,
                    2.6995012760162354
                ],
                [
                    -3.725290298461914e-09,
                    0.9926709532737732,
                    0.12084881216287613,
                    0.4833952784538269
                ],
                [
                    0.0,
                    0.0,
                    0.0,
                    1.0
                ]
            ]
        },
        {
            "file_path": "train\\0041.png",
            "transform_matrix": [
                [
                    0.7682125568389893,
                    0.6323062777519226,
                    -0.10019128024578094,
                    -0.4007650911808014
                ],
                [
                    -0.6401949524879456,
                    0.7587464451789856,
                    -0.12022619694471359,
                    -0.480904757976532
                ],
                [
                    0.0,
                    0.15650154650211334,
                    0.987677812576294,
                    3.9507110118865967
                ],
                [
                    0.0,
                    0.0,
                    0.0,
                    1.0
                ]
            ]
        },
        {
            "file_path": "train\\0042.png",
            "transform_matrix": [
                [
                    0.23986652493476868,
                    -0.32181257009506226,
                    -0.9159151911735535,
                    -3.663661003112793
                ],
                [
                    -0.9708058834075928,
                    -0.07951337844133377,
                    -0.22630412876605988,
                    -0.9052165746688843
                ],
                [
                    0.0,
                    0.9434587359428406,
                    -0.33149006962776184,
                    -1.325960397720337
                ],
                [
                    0.0,
                    0.0,
                    0.0,
                    1.0
                ]
            ]
        },
        {
            "file_path": "train\\0044.png",
            "transform_matrix": [
                [
                    -0.9905690550804138,
                    -0.1366274654865265,
                    -0.01029668003320694,
                    -0.04118672385811806
                ],
                [
                    -0.13701492547988892,
                    0.9877678751945496,
                    0.0744413211941719,
                    0.29776531457901
                ],
                [
                    9.31322685637781e-10,
                    0.07515016198158264,
                    -0.9971721768379211,
                    -3.9886889457702637
                ],
                [
                    0.0,
                    0.0,
                    0.0,
                    1.0
                ]
            ]
        },
        {
            "file_path": "train\\0047.png",
            "transform_matrix": [
                [
                    0.2979883551597595,
                    0.6451320648193359,
                    -0.7035676836967468,
                    -2.8142709732055664
                ],
                [
                    -0.9545695185661316,
                    0.20139113068580627,
                    -0.21963301301002502,
                    -0.8785321116447449
                ],
                [
                    0.0,
                    0.7370524406433105,
                    0.6758355498313904,
                    2.7033424377441406
                ],
                [
                    0.0,
                    0.0,
                    0.0,
                    1.0
                ]
            ]
        },
        {
            "file_path": "train\\0048.png",
            "transform_matrix": [
                [
                    -0.40798360109329224,
                    0.7806693315505981,
                    0.4733971357345581,
                    1.893588662147522
                ],
                [
                    0.9129892587661743,
                    0.3488543629646301,
                    0.2115449607372284,
                    0.8461799025535583
                ],
                [
                    1.4901161193847656e-08,
                    0.5185133218765259,
                    -0.8550694584846497,
                    -3.4202780723571777
                ],
                [
                    0.0,
                    0.0,
                    0.0,
                    1.0
                ]
            ]
        },
        {
            "file_path": "train\\0050.png",
            "transform_matrix": [
                [
                    0.99917072057724,
                    -0.04071391746401787,
                    -0.0005651246174238622,
                    -0.0022604987025260925
                ],
                [
                    -0.04071784019470215,
                    -0.9990745186805725,
                    -0.013867533765733242,
                    -0.05547013878822327
                ],
                [
                    0.0,
                    0.013880077749490738,
                    -0.9999036192893982,
                    -3.999614715576172
                ],
                [
                    0.0,
                    0.0,
                    0.0,
                    1.0
                ]
            ]
        },
        {
            "file_path": "train\\0051.png",
            "transform_matrix": [
                [
                    0.1355815976858139,
                    -0.9331952333450317,
                    0.33281266689300537,
                    1.331250786781311
                ],
                [
                    0.9907662868499756,
                    0.12770327925682068,
                    -0.04554380849003792,
                    -0.18217524886131287
                ],
                [
                    -7.450581485102248e-09,
                    0.33591440320014954,
                    0.9418924450874329,
                    3.7675700187683105
                ],
                [
                    0.0,
                    0.0,
                    0.0,
                    1.0
                ]
            ]
        },
        {
            "file_path": "train\\0052.png",
            "transform_matrix": [
                [
                    -0.6713446974754333,
                    -0.5714733004570007,
                    0.4719264507293701,
                    1.88770592212677
                ],
                [
                    0.7411453127861023,
                    -0.5176522731781006,
                    0.42748066782951355,
                    1.7099227905273438
                ],
                [
                    0.0,
                    0.6367529630661011,
                    0.7710677981376648,
                    3.0842714309692383
                ],
                [
                    0.0,
                    0.0,
                    0.0,
                    1.0
                ]
            ]
        },
        {
            "file_path": "train\\0053.png",
            "transform_matrix": [
                [
                    0.5163618922233582,
                    -0.5562581419944763,
                    0.6511123776435852,
                    2.604449510574341
                ],
                [
                    0.8563704490661621,
                    0.33540451526641846,
                    -0.39259839057922363,
                    -1.570393443107605
                ],
                [
                    1.4901159417490817e-08,
                    0.7603161931037903,
                    0.6495530605316162,
                    2.598212242126465
                ],
                [
                    0.0,
                    0.0,
                    0.0,
                    1.0
                ]
            ]
        },
        {
            "file_path": "train\\0054.png",
            "transform_matrix": [
                [
                    0.5376285314559937,
                    0.8029443621635437,
                    -0.2573631703853607,
                    -1.0294528007507324
                ],
                [
                    -0.843181848526001,
                    0.5119723677635193,
                    -0.1640995740890503,
                    -0.656398355960846
                ],
                [
                    1.4901162970204496e-08,
                    0.3052286207675934,
                    0.9522790312767029,
                    3.8091163635253906
                ],
                [
                    0.0,
                    0.0,
                    0.0,
                    1.0
                ]
            ]
        },
        {
            "file_path": "train\\0059.png",
            "transform_matrix": [
                [
                    0.9347610473632812,
                    0.31350213289260864,
                    0.16714736819267273,
                    0.6685895323753357
                ],
                [
                    0.3552771508693695,
                    -0.8248478174209595,
                    -0.43977734446525574,
                    -1.7591094970703125
                ],
                [
                    1.4901162970204496e-08,
                    0.4704703688621521,
                    -0.8824157118797302,
                    -3.5296630859375
                ],
                [
                    0.0,
                    0.0,
                    0.0,
                    1.0
                ]
            ]
        },
        {
            "file_path": "train\\0061.png",
            "transform_matrix": [
                [
                    0.43716341257095337,
                    -0.41821399331092834,
                    0.7962318062782288,
                    3.184927463531494
                ],
                [
                    0.8993821144104004,
                    0.20328164100646973,
                    -0.3870250880718231,
                    -1.548100471496582
                ],
                [
                    0.0,
                    0.8853098750114441,
                    0.4650014638900757,
                    1.8600059747695923
                ],
                [
                    0.0,
                    0.0,
                    0.0,
                    1.0
                ]
            ]
        },
        {
            "file_path": "train\\0064.png",
            "transform_matrix": [
                [
                    -0.5104252696037292,
                    -0.20179633796215057,
                    -0.8359091877937317,
                    -3.343636989593506
                ],
                [
                    -0.8599221706390381,
                    0.11978055536746979,
                    0.49617189168930054,
                    1.9846876859664917
                ],
                [
                    -7.450580596923828e-09,
                    0.9720755815505981,
                    -0.23466813564300537,
                    -0.9386726021766663
                ],
                [
                    0.0,
                    0.0,
                    0.0,
                    1.0
                ]
            ]
        },
        {
            "file_path": "train\\0065.png",
            "transform_matrix": [
                [
                    -0.4303727149963379,
                    0.8274809718132019,
                    0.3606306314468384,
                    1.4425225257873535
                ],
                [
                    0.902651309967041,
                    0.3945324122905731,
                    0.17194409668445587,
                    0.6877763867378235
                ],
                [
                    -1.4901161193847656e-08,
                    0.39952385425567627,
                    -0.9167228937149048,
                    -3.66689133644104
                ],
                [
                    0.0,
                    0.0,
                    0.0,
                    1.0
                ]
            ]
        },
        {
            "file_path": "train\\0066.png",
            "transform_matrix": [
                [
                    0.4528355002403259,
                    0.0894860178232193,
                    -0.8870919942855835,
                    -3.548368215560913
                ],
                [
                    -0.8915941119194031,
                    0.045449431985616684,
                    -0.4505488872528076,
                    -1.80219566822052
                ],
                [
                    0.0,
                    0.994950532913208,
                    0.10036630928516388,
                    0.4014652669429779
                ],
                [
                    0.0,
                    0.0,
                    0.0,
                    1.0
                ]
            ]
        },
        {
            "file_path": "train\\0067.png",
            "transform_matrix": [
                [
                    -0.9986302852630615,
                    -0.04874417185783386,
                    0.01901494711637497,
                    0.07605979591608047
                ],
                [
                    0.052321720868349075,
                    -0.9303479194641113,
                    0.36292579770088196,
                    1.4517033100128174
                ],
                [
                    0.0,
                    0.3634236454963684,
                    0.9316239356994629,
                    3.7264959812164307
                ],
                [
                    0.0,
                    0.0,
                    0.0,
                    1.0
                ]
            ]
        },
        {
            "file_path": "train\\0068.png",
            "transform_matrix": [
                [
                    0.9158501625061035,
                    0.3308977484703064,
                    -0.22743187844753265,
                    -0.9097275733947754
                ],
                [
                    -0.40152034163475037,
                    0.754763126373291,
                    -0.5187619924545288,
                    -2.0750482082366943
                ],
                [
                    1.4901161193847656e-08,
                    0.5664268136024475,
                    0.8241119980812073,
                    3.296448230743408
                ],
                [
                    0.0,
                    0.0,
                    0.0,
                    1.0
                ]
            ]
        },
        {
            "file_path": "train\\0069.png",
            "transform_matrix": [
                [
                    0.5370504260063171,
                    0.2306516319513321,
                    0.8114040493965149,
                    3.2456164360046387
                ],
                [
                    0.8435501456260681,
                    -0.1468455195426941,
                    -0.5165844559669495,
                    -2.066338062286377
                ],
                [
                    -7.450580596923828e-09,
                    0.9618920087814331,
                    -0.27342963218688965,
                    -1.0937186479568481
                ],
                [
                    0.0,
                    0.0,
                    0.0,
                    1.0
                ]
            ]
        },
        {
            "file_path": "train\\0070.png",
            "transform_matrix": [
                [
                    0.8945353031158447,
                    0.3257904052734375,
                    0.3060511350631714,
                    1.224204659461975
                ],
                [
                    0.4469974637031555,
                    -0.651974618434906,
                    -0.6124722361564636,
                    -2.4498891830444336
                ],
                [
                    0.0,
                    0.6846821308135986,
                    -0.7288417220115662,
                    -2.9153671264648438
                ],
                [
                    0.0,
                    0.0,
                    0.0,
                    1.0
                ]
            ]
        },
        {
            "file_path": "train\\0071.png",
            "transform_matrix": [
                [
                    0.4451603293418884,
                    -0.7426219582557678,
                    -0.5003447532653809,
                    -2.0013792514801025
                ],
                [
                    -0.8954508900642395,
                    -0.36918365955352783,
                    -0.248739093542099,
                    -0.9949564337730408
                ],
                [
                    0.0,
                    0.5587629675865173,
                    -0.8293273448944092,
                    -3.317309617996216
                ],
                [
                    0.0,
                    0.0,
                    0.0,
                    1.0
                ]
            ]
        },
        {
            "file_path": "train\\0072.png",
            "transform_matrix": [
                [
                    0.9825038313865662,
                    0.18622547388076782,
                    0.002504660515114665,
                    0.010018642991781235
                ],
                [
                    0.18624229729175568,
                    -0.9824150800704956,
                    -0.013213102705776691,
                    -0.052852414548397064
                ],
                [
                    0.0,
                    0.013446991331875324,
                    -0.999909520149231,
                    -3.999638319015503
                ],
                [
                    0.0,
                    0.0,
                    0.0,
                    1.0
                ]
            ]
        },
        {
            "file_path": "train\\0076.png",
            "transform_matrix": [
                [
                    0.9527595043182373,
                    0.13942725956439972,
                    0.2698323726654053,
                    1.0793296098709106
                ],
                [
                    0.3037260174751282,
                    -0.4373700022697449,
                    -0.8464384078979492,
                    -3.385753870010376
                ],
                [
                    7.450580596923828e-09,
                    0.8884073495864868,
                    -0.45905598998069763,
                    -1.83622407913208
                ],
                [
                    0.0,
                    0.0,
                    0.0,
                    1.0
                ]
            ]
        },
        {
            "file_path": "train\\0078.png",
            "transform_matrix": [
                [
                    -0.7914478778839111,
                    0.3577556908130646,
                    0.4956018328666687,
                    1.9824074506759644
                ],
                [
                    0.6112367510795593,
                    0.46323293447494507,
                    0.6417202353477478,
                    2.5668811798095703
                ],
                [
                    -1.4901161193847656e-08,
                    0.8108181953430176,
                    -0.5852980613708496,
                    -2.3411924839019775
                ],
                [
                    0.0,
                    0.0,
                    0.0,
                    1.0
                ]
            ]
        },
        {
            "file_path": "train\\0080.png",
            "transform_matrix": [
                [
                    0.03731605038046837,
                    -0.9565644264221191,
                    -0.28912270069122314,
                    -1.1564909219741821
                ],
                [
                    -0.9993035197257996,
                    -0.035720087587833405,
                    -0.010796437971293926,
                    -0.043185755610466
                ],
                [
                    0.0,
                    0.28932425379753113,
                    -0.9572311043739319,
                    -3.8289246559143066
                ],
                [
                    0.0,
                    0.0,
                    0.0,
                    1.0
                ]
            ]
        },
        {
            "file_path": "train\\0081.png",
            "transform_matrix": [
                [
                    -0.7890776991844177,
                    0.6130563020706177,
                    0.0389673076570034,
                    0.1558692455291748
                ],
                [
                    0.6142934560775757,
                    0.7874884605407715,
                    0.050054628401994705,
                    0.20021852850914001
                ],
                [
                    0.0,
                    0.06343422830104828,
                    -0.9979859590530396,
                    -3.9919440746307373
                ],
                [
                    0.0,
                    0.0,
                    0.0,
                    1.0
                ]
            ]
        },
        {
            "file_path": "train\\0082.png",
            "transform_matrix": [
                [
                    0.024149151518940926,
                    -0.621445894241333,
                    0.7830848097801208,
                    3.1323394775390625
                ],
                [
                    0.9997084140777588,
                    0.015011768788099289,
                    -0.01891634799540043,
                    -0.07566539943218231
                ],
                [
                    -9.313225746154785e-10,
