{
    "focal": 1.7361110664350143,
    "frames": [
        {
            "file_path": "images/0003.png",
            "transform_matrix": [
                [
                    -0.996160089969635,
                    -0.06979195773601532,
                    0.05285944044589996,
                    0.21143776178359985
                ],
                [
                    0.08755019307136536,
                    -0.7941039800643921,
                    0.6014431118965149,
                    2.4057724475860596
                ],
                [
                    0.0,
                    0.6037613749504089,
                    0.797165036201477,
                    3.188660144805908
                ],
                [
                    0.0,
                    0.0,
                    0.0,
                    1.0
                ]
            ]
        },
        {
            "file_path": "images/0006.png",
            "transform_matrix": [
                [
                    -0.8943120241165161,
                    0.2610657215118408,
                    -0.36338767409324646,
                    -1.4535506963729858
                ],
                [
                    -0.4474436938762665,
                    -0.5217956900596619,
                    0.7263080477714539,
                    2.9052321910858154
                ],
                [
                    1.4901160305669237e-08,
                    0.8121415972709656,
                    0.5834603905677795,
                    2.333841562271118
                ],
                [
                    0.0,
                    0.0,
                    0.0,
                    1.0
                ]
            ]
        },
        {
            "file_path": "images/0007.png",
            "transform_matrix": [
                [
                    0.98930823802948,
                    0.14176587760448456,
                    -0.0342281311750412,
                    -0.1369125247001648
                ],
                [
                    -0.1458393931388855,
                    0.9616753458976746,
                    -0.23218809068202972,
                    -0.9287523627281189
                ],
                [
                    0.0,
                    0.23469732701778412,
                    0.9720684885978699,
                    3.8882739543914795
                ],
                [
                    0.0,
                    0.0,
                    0.0,
                    1.0
                ]
            ]
        },
        {
            "file_path": "images/0009.png",
            "transform_matrix": [
                [
                    0.433736652135849,
                    -0.8125873804092407,
                    -0.3893255591392517,
                    -1.5573022365570068
                ],
                [
                    -0.901039719581604,
                    -0.3911580443382263,
                    -0.18741102516651154,
                    -0.7496441006660461
                ],
                [
                    1.4901160305669237e-08,
                    0.43208473920822144,
                    -0.9018329977989197,
                    -3.6073319911956787
                ],
                [
                    0.0,
                    0.0,
                    0.0,
                    1.0
                ]
            ]
        },
        {
            "file_path": "images/0010.png",
            "transform_matrix": [
                [
                    0.2947635352611542,
                    0.8889688849449158,
                    0.35049787163734436,
                    1.4019914865493774
                ],
                [
                    0.9555701613426208,
                    -0.2742191255092621,
                    -0.10811764746904373,
                    -0.4324705898761749
                ],
                [
                    -7.450580152834618e-09,
                    0.3667944371700287,
                    -0.9303020238876343,
                    -3.721208095550537
                ],
                [
                    0.0,
                    0.0,
                    0.0,
                    1.0
                ]
            ]
        },
        {
            "file_path": "images/0011.png",
            "transform_matrix": [
                [
                    0.15909819304943085,
                    0.5421723127365112,
                    0.8250678181648254,
                    3.3002712726593018
                ],
                [
                    0.9872627854347229,
                    -0.08737151324748993,
                    -0.13296034932136536,
                    -0.5318413972854614
                ],
                [
                    0.0,
                    0.8357124924659729,
                    -0.5491672158241272,
                    -2.196668863296509
                ],
                [
                    0.0,
                    0.0,
                    0.0,
                    1.0
                ]
            ]
        },
        {
            "file_path": "images/0013.png",
            "transform_matrix": [
                [
                    0.6219445466995239,
                    -0.22984939813613892,
                    -0.7485681176185608,
                    -2.994272470474243
                ],
                [
                    -0.7830613255500793,
                    -0.18255731463432312,
                    -0.5945484042167664,
                    -2.3781936168670654
                ],
                [
                    1.4901161193847656e-08,
                    0.955950915813446,
                    -0.29352667927742004,
                    -1.1741067171096802
                ],
                [
                    0.0,
                    0.0,
                    0.0,
                    1.0
                ]
            ]
        },
        {
            "file_path": "images/0015.png",
            "transform_matrix": [
                [
                    -0.7643792033195496,
                    -0.6399238705635071,
                    -0.07887843996286392,
                    -0.3155137598514557
                ],
                [
                    -0.6447668075561523,
                    0.7586377859115601,
                    0.09351138770580292,
                    0.37404555082321167
                ],
                [
                    -3.725290076417309e-09,
                    0.12233638763427734,
                    -0.99248868227005,
                    -3.9699547290802
                ],
                [
                    0.0,
                    0.0,
                    0.0,
                    1.0
                ]
            ]
        },
        {
            "file_path": "images/0017.png",
            "transform_matrix": [
                [
                    0.9081822633743286,
                    -0.22109802067279816,
                    -0.3554161489009857,
                    -1.4216645956039429
                ],
                [
                    -0.41857489943504333,
                    -0.47971653938293457,
                    -0.7711466550827026,
                    -3.0845866203308105
                ],
                [
                    -1.4901160305669237e-08,
                    0.849109947681427,
                    -0.5282161235809326,
                    -2.1128644943237305
                ],
                [
                    0.0,
                    0.0,
                    0.0,
                    1.0
                ]
            ]
        },
        {
            "file_path": "images/0018.png",
            "transform_matrix": [
                [
                    -0.8969907760620117,
                    -0.09618975967168808,
                    0.43145689368247986,
                    1.7258275747299194
                ],
                [
                    0.44204920530319214,
                    -0.19518491625785828,
                    0.8754972219467163,
                    3.5019888877868652
                ],
                [
                    7.450580152834618e-09,
                    0.9760380983352661,
                    0.21759966015815735,
                    0.8703986406326294
                ],
                [
                    0.0,
                    0.0,
                    0.0,
                    1.0
                ]
            ]
        },
        {
            "file_path": "images/0019.png",
            "transform_matrix": [
                [
                    -0.5587546229362488,
                    -0.32335996627807617,
                    -0.763696014881134,
                    -3.054784059524536
                ],
                [
                    -0.8293330073356628,
                    0.21786047518253326,
                    0.5145323872566223,
                    2.0581295490264893
                ],
                [
                    1.4901160305669237e-08,
                    0.920855700969696,
                    -0.38990363478660583,
                    -1.5596145391464233
                ],
                [
                    0.0,
                    0.0,
                    0.0,
                    1.0
                ]
            ]
        },
        {
            "file_path": "images/0020.png",
            "transform_matrix": [
                [
                    0.8605803847312927,
                    -0.18818449974060059,
                    -0.47327372431755066,
                    -1.8930946588516235
                ],
                [
                    -0.5093145370483398,
                    -0.31797221302986145,
                    -0.7996827363967896,
                    -3.19873046875
                ],
                [
                    0.0,
                    0.9292364120483398,
                    -0.3694857954978943,
                    -1.4779430627822876
                ],
                [
                    0.0,
                    0.0,
                    0.0,
                    1.0
                ]
            ]
        },
        {
            "file_path": "images/0022.png",
            "transform_matrix": [
                [
                    -0.45474475622177124,
                    0.8445882201194763,
                    -0.28262677788734436,
                    -1.130506992340088
                ],
                [
                    -0.8906218409538269,
                    -0.4312403202056885,
                    0.14430707693099976,
                    0.5772282481193542
                ],
                [
                    -7.450580152834618e-09,
                    0.3173366189002991,
                    0.9483131170272827,
                    3.7932519912719727
                ],
                [
                    0.0,
                    0.0,
                    0.0,
                    1.0
                ]
            ]
        },
        {
            "file_path": "images/0023.png",
            "transform_matrix": [
                [
                    -0.9721390604972839,
                    -0.12535110116004944,
                    0.19807220995426178,
                    0.7922887206077576
                ],
                [
                    0.234404519200325,
                    -0.5198649168014526,
                    0.8214591145515442,
                    3.2858359813690186
                ],
                [
                    -7.4505792646561986e-09,
                    0.8450014591217041,
                    0.5347639918327332,
                    2.1390557289123535
                ],
                [
                    0.0,
                    0.0,
                    0.0,
                    1.0
                ]
            ]
        },
        {
            "file_path": "images/0024.png",
            "transform_matrix": [
                [
                    0.6983349323272705,
                    -0.64136803150177,
                    0.31776610016822815,
                    1.2710644006729126
                ],
                [
                    0.7157710194587708,
                    0.6257444024085999,
                    -0.3100253641605377,
                    -1.2401014566421509
                ],
                [
                    0.0,
                    0.443949431180954,
                    0.8960518836975098,
                    3.584207534790039
                ],
                [
                    0.0,
                    0.0,
                    0.0,
                    1.0
                ]
            ]
        },
        {
            "file_path": "images/0026.png",
            "transform_matrix": [
                [
                    -0.8034309148788452,
                    0.1791086345911026,
                    0.5678192973136902,
                    2.2712771892547607
                ],
                [
                    0.5953978300094604,
                    0.2416895180940628,
                    0.7662163972854614,
                    3.0648655891418457
                ],
                [
                    0.0,
                    0.9536803364753723,
                    -0.3008217513561249,
                    -1.2032870054244995
                ],
                [
                    0.0,
                    0.0,
                    0.0,
                    1.0
                ]
            ]
        },
        {
            "file_path": "images/0027.png",
            "transform_matrix": [
                [
                    -0.6516295075416565,
                    -0.5162864923477173,
                    0.5557222366333008,
                    2.222888946533203
                ],
                [
                    0.7585372924804688,
                    -0.4435214102268219,
                    0.47739914059638977,
                    1.909596562385559
                ],
                [
                    -1.4901160305669237e-08,
                    0.7326233983039856,
                    0.6806342005729675,
                    2.72253680229187
                ],
                [
                    0.0,
                    0.0,
                    0.0,
                    1.0
                ]
            ]
        },
        {
            "file_path": "images/0029.png",
            "transform_matrix": [
                [
                    0.24309636652469635,
                    -0.23648309707641602,
                    -0.9407337307929993,
                    -3.762934923171997
                ],
                [
                    -0.9700021147727966,
                    -0.05926603451371193,
                    -0.23576128482818604,
                    -0.9430451393127441
                ],
                [
                    0.0,
                    0.969826340675354,
                    -0.2437964677810669,
                    -0.9751858711242676
                ],
                [
                    0.0,
                    0.0,
                    0.0,
                    1.0
                ]
            ]
        },
        {
            "file_path": "images/0031.png",
            "transform_matrix": [
                [
                    -0.4674954116344452,
                    -0.2003280222415924,
                    0.8609976172447205,
                    3.4439899921417236
                ],
                [
                    0.8839954137802124,
                    -0.10594220459461212,
                    0.4553331434726715,
                    1.821332335472107
                ],
                [
                    -7.4505792646561986e-09,
                    0.9739840626716614,
                    0.22661659121513367,
                    0.9064662456512451
                ],
                [
                    0.0,
                    0.0,
                    0.0,
                    1.0
                ]
            ]
        },
        {
            "file_path": "images/0032.png",
            "transform_matrix": [
                [
                    -0.4276454746723175,
                    0.6094881296157837,
                    0.6675654053688049,
                    2.6702616214752197
                ],
                [
                    0.9039465188980103,
                    0.2883410155773163,
                    0.31581664085388184,
                    1.2632665634155273
                ],
                [
                    1.4901160305669237e-08,
                    0.7385010123252869,
                    -0.6742523908615112,
                    -2.697009563446045
                ],
                [
                    0.0,
                    0.0,
                    0.0,
                    1.0
                ]
            ]
        },
        {
            "file_path": "images/0033.png",
            "transform_matrix": [
                [
                    -0.1808064728975296,
                    0.844197154045105,
                    0.504618763923645,
                    2.01847505569458
                ],
                [
                    0.983518660068512,
                    0.15519411861896515,
                    0.09276726841926575,
                    0.371069073677063
                ],
                [
                    0.0,
                    0.5130749344825745,
                    -0.8583438396453857,
                    -3.433375358581543
                ],
                [
                    0.0,
                    0.0,
                    0.0,
                    1.0
                ]
            ]
        },
        {
            "file_path": "images/0034.png",
            "transform_matrix": [
                [
                    -0.3012060821056366,
                    -0.003241037717089057,
                    0.9535535573959351,
                    3.8142142295837402
                ],
                [
                    0.9535590410232544,
                    -0.00102376495487988,
                    0.3012043535709381,
                    1.2048174142837524
                ],
                [
                    5.8207657444020455e-11,
                    0.9999942779541016,
                    0.0033988850191235542,
                    0.013595540076494217
                ],
                [
                    0.0,
                    0.0,
                    0.0,
                    1.0
                ]
            ]
        },
        {
            "file_path": "images/0035.png",
            "transform_matrix": [
                [
                    0.880210816860199,
                    -0.4719456136226654,
                    0.049961529672145844,
                    0.19984611868858337
                ],
                [
                    0.474582701921463,
                    0.87531977891922,
                    -0.09266388416290283,
                    -0.37065553665161133
                ],
                [
                    0.0,
                    0.10527481883764267,
                    0.9944431781768799,
                    3.9777727127075195
                ],
                [
                    0.0,
                    0.0,
                    0.0,
                    1.0
                ]
            ]
        },
        {
            "file_path": "images/0038.png",
            "transform_matrix": [
                [
                    -0.9683502912521362,
                    0.187636137008667,
                    0.16459158062934875,
                    0.658366322517395
                ],
                [
                    0.2495950609445572,
                    0.7279691100120544,
                    0.6385635137557983,
                    2.5542540550231934
                ],
                [
                    7.450580152834618e-09,
                    0.65943443775177,
                    -0.7517620921134949,
                    -3.0070483684539795
                ],
                [
                    0.0,
                    0.0,
                    0.0,
                    1.0
                ]
            ]
        },
        {
            "file_path": "images/0041.png",
            "transform_matrix": [
                [
                    0.7682124972343445,
                    0.6323062777519226,
                    -0.10019128769636154,
                    -0.4007650911808014
                ],
                [
                    -0.6401948928833008,
                    0.7587464451789856,
                    -0.12022620439529419,
                    -0.480904757976532
                ],
                [
                    0.0,
                    0.15650154650211334,
                    0.9876778721809387,
                    3.9507110118865967
                ],
                [
                    0.0,
                    0.0,
                    0.0,
                    1.0
                ]
            ]
        },
        {
            "file_path": "images/0043.png",
            "transform_matrix": [
                [
                    0.5435712337493896,
                    0.8103440999984741,
                    0.2187982052564621,
                    0.8751928210258484
                ],
                [
                    0.8393630385398865,
                    -0.5247786045074463,
                    -0.14169365167617798,
                    -0.5667746067047119
                ],
                [
                    0.0,
                    0.26067155599594116,
                    -0.9654275178909302,
                    -3.8617100715637207
                ],
                [
                    0.0,
                    0.0,
                    0.0,
                    1.0
                ]
            ]
        },
        {
            "file_path": "images/0045.png",
            "transform_matrix": [
                [
                    0.6457707285881042,
                    0.6176940202713013,
                    0.44881418347358704,
                    1.7952567338943481
                ],
                [
                    0.7635312676429749,
                    -0.522426187992096,
                    -0.3795929551124573,
                    -1.518371820449829
                ],
                [
                    -1.4901160305669237e-08,
                    0.5878137350082397,
                    -0.808996319770813,
                    -3.235985279083252
                ],
                [
                    0.0,
                    0.0,
                    0.0,
                    1.0
                ]
            ]
        },
        {
            "file_path": "images/0046.png",
            "transform_matrix": [
                [
                    -0.8021441698074341,
                    -0.5405969023704529,
                    -0.25361332297325134,
                    -1.0144532918930054
                ],
                [
                    -0.5971304178237915,
                    0.7262008786201477,
                    0.3406867980957031,
                    1.3627471923828125
                ],
                [
                    0.0,
                    0.4247201085090637,
                    -0.9053246974945068,
                    -3.6212987899780273
                ],
                [
                    0.0,
                    0.0,
                    0.0,
                    1.0
                ]
            ]
        },
        {
            "file_path": "images/0048.png",
            "transform_matrix": [
                [
                    -0.40798357129096985,
                    0.7806693315505981,
                    0.4733971655368805,
                    1.893588662147522
                ],
                [
                    0.9129891991615295,
                    0.3488543629646301,
                    0.2115449756383896,
                    0.8461799025535583
                ],
                [
                    1.4901160305669237e-08,
                    0.5185133218765259,
                    -0.8550695180892944,
                    -3.4202780723571777
                ],
                [
                    0.0,
                    0.0,
                    0.0,
                    1.0
                ]
            ]
        },
        {
            "file_path": "images/0049.png",
            "transform_matrix": [
                [
                    -0.015477578155696392,
                    -0.10143551975488663,
                    -0.9947217106819153,
                    -3.978886842727661
                ],
                [
                    -0.9998802542686462,
                    0.0015701642259955406,
                    0.015397726558148861,
                    0.061590906232595444
                ],
                [
                    1.1641532182693481e-10,
                    0.9948408603668213,
                    -0.1014476791024208,
                    -0.4057907164096832
                ],
                [
                    0.0,
                    0.0,
                    0.0,
                    1.0
                ]
            ]
        },
        {
            "file_path": "images/0052.png",
            "transform_matrix": [
                [
                    -0.6713446378707886,
                    -0.5714733004570007,
                    0.4719264805316925,
                    1.88770592212677
                ],
                [
                    0.7411452531814575,
                    -0.5176522731781006,
                    0.42748069763183594,
                    1.7099227905273438
                ],
                [
                    0.0,
                    0.6367529630661011,
                    0.7710678577423096,
                    3.0842714309692383
                ],
                [
                    0.0,
                    0.0,
                    0.0,
                    1.0
                ]
            ]
        },
        {
            "file_path": "images/0055.png",
            "transform_matrix": [
                [
                    -0.2125033140182495,
                    -0.9090912342071533,
                    -0.35832294821739197,
                    -1.4332916736602783
                ],
                [
                    -0.9771603345870972,
                    0.19770030677318573,
                    0.07792457938194275,
                    0.3116982877254486
                ],
                [
                    7.450580152834618e-09,
                    0.36669832468032837,
                    -0.930340051651001,
                    -3.7213597297668457
                ],
                [
                    0.0,
                    0.0,
                    0.0,
                    1.0
                ]
            ]
        },
        {
            "file_path": "images/0056.png",
            "transform_matrix": [
                [
                    0.2642712891101837,
                    -0.8153272271156311,
                    -0.515172004699707,
                    -2.060688018798828
                ],
                [
                    -0.9644483923912048,
                    -0.22341015934944153,
                    -0.14116376638412476,
                    -0.564655065536499
                ],
                [
                    0.0,
                    0.5341623425483704,
                    -0.8453819155693054,
                    -3.3815276622772217
                ],
                [
                    0.0,
                    0.0,
                    0.0,
                    1.0
                ]
            ]
        },
        {
            "file_path": "images/0057.png",
            "transform_matrix": [
                [
                    0.48591718077659607,
                    0.2400190830230713,
                    -0.8404018878936768,
                    -3.361607551574707
                ],
                [
                    -0.8740049004554749,
                    0.1334424912929535,
                    -0.4672350287437439,
                    -1.8689401149749756
                ],
                [
                    0.0,
                    0.9615529179573059,
                    0.27461984753608704,
                    1.0984793901443481
                ],
                [
                    0.0,
                    0.0,
                    0.0,
                    1.0
                ]
            ]
        },
        {
            "file_path": "images/0058.png",
            "transform_matrix": [
                [
                    0.9868747591972351,
                    0.14723849296569824,
                    -0.06632453203201294,
                    -0.26529812812805176
                ],
                [
                    -0.1614871770143509,
                    0.8997986316680908,
                    -0.4053201377391815,
                    -1.621280550956726
                ],
                [
                    -3.725290076417309e-09,
                    0.4107106626033783,
                    0.9117656946182251,
                    3.6470627784729004
                ],
                [
                    0.0,
                    0.0,
                    0.0,
                    1.0
                ]
            ]
        },
        {
            "file_path": "images/0062.png",
            "transform_matrix": [
                [
                    -0.33791470527648926,
                    -0.2573993504047394,
                    -0.905295193195343,
                    -3.621180295944214
                ],
                [
                    -0.9411766529083252,
                    0.09241519868373871,
                    0.3250320255756378,
                    1.3001279830932617
                ],
                [
                    0.0,
                    0.9618757963180542,
                    -0.27348676323890686,
                    -1.093946933746338
                ],
                [
                    0.0,
                    0.0,
                    0.0,
                    1.0
                ]
            ]
        },
        {
            "file_path": "images/0063.png",
            "transform_matrix": [
                [
                    0.14924240112304688,
                    0.6758880019187927,
                    0.7217355966567993,
                    2.8869423866271973
                ],
                [
                    0.988800585269928,
                    -0.10201364010572433,
                    -0.10893354564905167,
                    -0.43573418259620667
                ],
                [
                    0.0,
                    0.729910135269165,
                    -0.6835431456565857,
                    -2.7341725826263428
                ],
                [
                    0.0,
                    0.0,
                    0.0,
                    1.0
                ]
            ]
        },
        {
            "file_path": "images/0064.png",
            "transform_matrix": [
                [
                    -0.5104252099990845,
                    -0.20179633796215057,
                    -0.8359092473983765,
                    -3.343636989593506
                ],
                [
                    -0.8599221110343933,
                    0.11978055536746979,
                    0.4961719214916229,
                    1.9846876859664917
                ],
                [
                    -7.450580152834618e-09,
                    0.9720755815505981,
                    -0.23466815054416656,
                    -0.9386726021766663
                ],
                [
                    0.0,
                    0.0,
                    0.0,
                    1.0
                ]
            ]
        },
        {
            "file_path": "images/0066.png",
            "transform_matrix": [
                [
                    0.45283547043800354,
                    0.0894860178232193,
                    -0.8870920538902283,
                    -3.548368215560913
                ],
                [
                    -0.8915940523147583,
                    0.045449431985616684,
                    -0.45054891705513,
                    -1.80219566822052
                ],
                [
                    0.0,
                    0.994950532913208,
                    0.10036631673574448,
                    0.4014652669429779
                ],
                [
                    0.0,
                    0.0,
                    0.0,
                    1.0
                ]
            ]
        },
        {
            "file_path": "images/0069.png",
            "transform_matrix": [
                [
                    0.5370503664016724,
                    0.2306516319513321,
                    0.8114041090011597,
                    3.2456164360046387
                ],
                [
                    0.8435500860214233,
                    -0.1468455195426941,
                    -0.5165845155715942,
                    -2.066338062286377
                ],
                [
                    -7.450580152834618e-09,
                    0.9618920087814331,
                    -0.27342966198921204,
                    -1.0937186479568481
                ],
                [
                    0.0,
                    0.0,
                    0.0,
                    1.0
                ]
            ]
        },
        {
            "file_path": "images/0073.png",
            "transform_matrix": [
                [
                    -0.7715997099876404,
                    -0.6331790685653687,
                    -0.06097644567489624,
                    -0.24390578269958496
                ],
                [
                    -0.6361083388328552,
                    0.768046498298645,
                    0.07396445423364639,
                    0.29585781693458557
                ],
                [
                    0.0,
                    0.09585881978273392,
                    -0.9953949451446533,
                    -3.9815797805786133
                ],
                [
                    0.0,
                    0.0,
                    0.0,
                    1.0
                ]
            ]
        },
        {
            "file_path": "images/0074.png",
            "transform_matrix": [
                [
                    -0.303962379693985,
                    -0.878135085105896,
                    -0.3694397807121277,
                    -1.4777591228485107
                ],
                [
                    -0.9526839256286621,
                    0.28017690777778625,
                    0.11787309497594833,
                    0.47149237990379333
                ],
                [
                    -7.4505792646561986e-09,
                    0.3877882957458496,
                    -0.9217484593391418,
                    -3.6869938373565674
                ],
                [
                    0.0,
                    0.0,
                    0.0,
                    1.0
                ]
            ]
        },
        {
            "file_path": "images/0075.png",
            "transform_matrix": [
                [
                    0.7265699505805969,
                    -0.6537107229232788,
                    0.21156176924705505,
                    0.8462469577789307
                ],
                [
                    0.6870924830436707,
                    0.6912702322006226,
                    -0.22371724247932434,
                    -0.8948688507080078
                ],
                [
                    0.0,
                    0.307908833026886,
                    0.951416015625,
                    3.805663585662842
                ],
                [
                    0.0,
                    0.0,
                    0.0,
                    1.0
                ]
            ]
        },
        {
            "file_path": "images/0076.png",
            "transform_matrix": [
                [
                    0.9527594447135925,
                    0.13942725956439972,
                    0.26983240246772766,
                    1.0793296098709106
                ],
                [
                    0.3037259876728058,
                    -0.4373700022697449,
                    -0.846438467502594,
                    -3.385753870010376
                ],
                [
                    7.450580152834618e-09,
                    0.8884073495864868,
                    -0.45905601978302,
                    -1.83622407913208
                ],
                [
                    0.0,
                    0.0,
                    0.0,
                    1.0
                ]
            ]
        },
        {
            "file_path": "images/0077.png",
            "transform_matrix": [
                [
                    0.9190518260002136,
                    -0.324552059173584,
                    0.2236282378435135,
                    0.8945128321647644
                ],
                [
                    0.3941364884376526,
                    0.7567940354347229,
                    -0.5214587450027466,
                    -2.0858347415924072
                ],
                [
                    -1.4901158529312397e-08,
                    0.5673876404762268,
                    0.8234509229660034,
                    3.2938032150268555
                ],
                [
                    0.0,
                    0.0,
                    0.0,
                    1.0
                ]
            ]
        },
        {
            "file_path": "images/0078.png",
            "transform_matrix": [
                [
                    -0.7914478182792664,
                    0.3577556908130646,
                    0.4956018626689911,
                    1.9824074506759644
                ],
                [
                    0.6112366914749146,
                    0.46323293447494507,
                    0.6417202949523926,
                    2.5668811798095703
                ],
                [
                    -1.4901160305669237e-08,
                    0.8108181953430176,
                    -0.5852981209754944,
                    -2.3411924839019775
                ],
                [
                    0.0,
                    0.0,
                    0.0,
                    1.0
                ]
            ]
        },
        {
            "file_path": "images/0079.png",
            "transform_matrix": [
                [
                    0.9908969402313232,
                    0.1299828290939331,
                    0.03503889963030815,
                    0.1401555985212326
                ],
                [
                    0.13462266325950623,
                    -0.9567452073097229,
                    -0.25790560245513916,
                    -1.0316224098205566
                ],
                [
                    0.0,
                    0.2602747976779938,
                    -0.9655345678329468,
                    -3.862138271331787
                ],
                [
                    0.0,
                    0.0,
                    0.0,
                    1.0
                ]
            ]
        },
        {
            "file_path": "images/0080.png",
            "transform_matrix": [
                [
                    0.03731604665517807,
                    -0.9565644264221191,
                    -0.28912273049354553,
                    -1.1564909219741821
                ],
                [
                    -0.9993034601211548,
                    -0.035720087587833405,
                    -0.0107964389026165,
                    -0.043185755610466
                ],
                [
                    0.0,
                    0.28932425379753113,
